1001,161,-0.0396591,0.109966,0.151328,-0.0103508,0.0987276,1193,483,1191,509,1190,536,1186,563,1178,589,1170,616,1159,643
1002,163,0.0368263,0.109079,0.0704706,0.0342887,0.0987276,1193,481,1192,508,1190,535,1185,562,1178,589,1170,616,1159,643
1003,160,0.0354038,0.0786176,0.135313,-0.0249681,0.123788,1192,482,1191,508,1189,535,1185,561,1177,588,1170,614,1159,641
1004,166,-0.00253892,0.0756782,0.131129,0.00966313,0.0548758,1192,482,1190,509,1188,537,1184,564,1176,592,1168,619,1158,647
1005,159,0.0382366,0.106246,0.0797913,-0.0361032,0.159984,1191,482,1190,508,1188,534,1183,561,1176,587,1170,613,1159,640
1006,165,0.0735445,0.065959,0.0768726,9.26387e-05,0.0572315,1191,481,1190,508,1187,535,1182,563,1175,590,1168,617,1159,645
1007,161,-0.0027402,0.0730467,0.115824,-0.00922798,0.100939,1191,479,1189,505,1187,532,1183,559,1176,585,1169,612,1159,639
1008,160,0.072122,0.0792384,0.0635932,-0.0267826,0.0267826,1191,477,1190,503,1187,530,1182,556,1175,583,1169,609,1162,636
1009,159,0.114114,0.065927,0.00803725,-0.0740569,-0.0786176,1191,475,1190,501,1186,527,1180,554,1174,580,1170,606,1168,633
1010,158,0.110253,9.26536e-05,-0.0729138,-0.189896,-0.146986,1194,475,1190,501,1183,527,1176,553,1171,579,1171,605,1175,632
1011,160,0.0509578,-0.191333,-0.152767,-0.263835,-0.13167,1199,475,1189,501,1177,528,1171,554,1169,581,1174,607,1183,634
1012,157,-0.0907779,-0.242327,-0.304772,-0.148025,-0.137153,1199,476,1184,502,1172,528,1167,554,1170,580,1177,606,1188,632
1013,158,-0.22991,-0.252205,-0.341583,-0.106353,-0.0848874,1195,475,1178,500,1168,526,1165,552,1171,578,1180,604,1192,631
1014,156,-0.313528,-0.265149,-0.294709,9.26536e-05,-0.0669037,1185,476,1170,501,1164,527,1165,553,1174,579,1183,605,1194,631
1015,168,-0.377323,-0.247924,-0.166222,0.031933,-0.0632427,1178,472,1165,499,1163,527,1168,555,1178,583,1187,611,1198,639
1016,175,-0.477323,-0.133674,-0.0951181,0.0310466,-0.0615313,1171,469,1160,497,1163,526,1170,555,1180,584,1189,613,1200,642
1017,162,-0.326405,9.26536e-05,9.26536e-05,0.0342887,-0.0679838,1159,475,1158,501,1166,528,1174,555,1182,582,1189,609,1198,636
1018,164,-0.243956,0.0665576,0.0342887,9.26387e-05,-0.0572315,1155,475,1158,502,1168,529,1176,556,1183,583,1190,610,1199,638
1019,164,-0.0336025,0.0336025,9.26536e-05,0.0342887,-0.0245329,1153,477,1161,504,1170,531,1178,558,1186,585,1193,612,1201,640
1020,164,-0.0665576,0.100939,-0.0679838,0.0679838,-0.0572315,1154,478,1162,505,1172,532,1179,559,1188,586,1195,613,1204,641
1021,162,0.0103508,9.26536e-05,-0.0336025,0.0679838,-0.100939,1156,477,1164,503,1172,530,1180,557,1189,584,1196,611,1206,638
1022,166,0.00860278,-0.0766792,0.0106596,-0.0106596,-0.0211807,1158,473,1165,500,1172,528,1181,555,1190,583,1199,610,1209,638
1023,171,0.0337927,-0.0897342,-0.0420111,0.031933,-0.0514533,1159,468,1166,496,1172,524,1181,553,1191,581,1200,609,1211,638
1024,167,0.00748296,-0.0998123,-0.0436147,0.0115891,0.031933,1160,466,1166,493,1172,521,1181,549,1191,576,1201,604,1210,632
1025,169,-0.0337927,-0.0332283,-0.0959413,0.0632427,-0.0632427,1160,463,1166,491,1173,519,1181,547,1192,575,1201,603,1212,631
1026,173,-0.0272165,-0.127949,-0.0421815,0.0733207,-0.0615313,1161,459,1166,487,1172,516,1182,545,1193,573,1202,602,1213,631
1027,172,0.0402655,-0.14017,-0.0514533,0.0194276,-0.0194276,1161,456,1167,484,1172,513,1181,541,1192,570,1202,598,1213,627
1028,172,0.0402655,-0.0741508,-0.117473,-0.0422549,-0.0991815,1161,452,1167,480,1172,509,1179,537,1190,566,1202,594,1218,623
1029,172,0.00356141,0.0316815,-0.291144,-0.257613,-0.0819148,1165,449,1168,477,1171,506,1173,534,1184,563,1204,591,1226,617
1030,176,0.0343764,9.26536e-05,-0.396921,-0.364005,-0.0782685,1168,443,1168,472,1167,501,1166,530,1177,559,1201,586,1227,611
1031,171,0.0350687,-0.0387228,-0.381289,-0.507006,-0.141804,1170,441,1167,469,1163,497,1160,526,1168,554,1193,579,1221,600
1032,174,0.0620283,9.26536e-05,-0.473093,-0.595968,-0.22813,1168,437,1164,465,1158,494,1152,523,1160,552,1187,575,1216,590
1033,176,-0.0627993,-0.132009,-0.558393,-0.645119,-0.123567,1166,439,1156,468,1148,497,1144,526,1157,555,1186,571,1216,583
1034,173,-0.179463,-0.234606,-0.729115,-0.543906,-0.0951181,1158,447,1145,474,1137,503,1136,532,1156,556,1185,566,1214,573
1035,167,-0.289884,-0.316193,-0.783653,-0.504558,-0.0342918,1150,451,1134,478,1127,506,1129,534,1152,554,1180,560,1208,565
1036,161,-0.368452,-0.293675,-0.890733,-0.38611,-0.109079,1138,453,1122,479,1117,506,1120,533,1145,549,1172,554,1199,556
1037,172,-0.400108,-0.729115,-0.606798,-0.197767,0.0993351,1121,459,1108,487,1107,516,1127,540,1156,548,1184,550,1213,555
1038,179,-0.473093,-0.753478,-0.442379,-0.0709739,0.0976343,1105,462,1097,491,1103,520,1130,539,1159,544,1189,547,1219,553
1039,166,-0.689639,-0.669879,-0.144949,-0.102677,0.204268,1091,474,1088,501,1105,527,1132,536,1160,541,1187,543,1215,551
1040,165,-0.811035,-0.374639,-0.163827,-0.0363285,0.16755,1080,480,1082,507,1104,525,1132,534,1159,538,1186,541,1214,549
1041,164,-0.815757,-0.135944,-0.0354655,-0.0359398,0.163827,1070,489,1081,515,1108,525,1135,531,1162,536,1189,540,1217,549
1042,168,-0.643867,9.26387e-05,-0.0342918,9.26536e-05,0.166222,1060,494,1080,517,1108,523,1136,529,1164,534,1192,539,1220,549
1043,172,-0.548002,0.0402655,-0.0069827,-0.0272165,0.185743,1053,495,1077,516,1106,521,1134,527,1163,533,1191,538,1220,549
1044,174,-0.357811,-0.0331901,0.0331901,9.26536e-05,0.158434,1048,497,1075,514,1104,520,1133,525,1162,531,1191,537,1220,548
1045,177,-0.359388,0.0265677,0.00652977,0.0327381,0.114503,1044,496,1073,513,1102,518,1132,524,1161,530,1190,537,1220,548
1046,177,-0.245649,0.0251213,-0.0251213,9.26536e-05,0.147334,1044,497,1073,511,1102,517,1132,524,1161,530,1190,536,1220,547
1047,179,-0.189065,-0.0312778,-0.0251213,-0.00652977,0.183018,1044,495,1073,509,1103,517,1133,524,1162,530,1192,536,1222,548
1048,178,-0.155502,-0.0848091,-0.0393605,-0.0265677,0.180617,1044,492,1073,507,1103,517,1132,524,1162,530,1191,535,1221,546
1049,175,-0.223342,-0.127949,-0.0331901,9.26536e-05,0.161232,1046,491,1075,509,1104,519,1133,525,1162,530,1191,535,1220,545
1050,183,-0.296453,-0.10018,-0.0914232,0.129471,0.167755,1035,488,1065,508,1095,517,1126,523,1156,526,1186,533,1217,546
1051,187,-0.237074,-0.0953936,0.0953936,0.152036,0.331366,1033,498,1064,511,1095,516,1126,518,1157,523,1188,533,1216,554
1052,182,-0.132459,-0.0332283,0.198377,0.243666,0.413418,1033,508,1063,512,1093,512,1123,511,1153,516,1183,529,1209,557
1053,189,0.0627686,0.0969907,0.343189,0.362606,0.537192,1036,516,1067,510,1098,506,1130,505,1161,515,1191,539,1203,571
1054,187,0.248902,0.224247,0.359675,0.43505,0.399324,1041,516,1071,503,1102,498,1133,500,1164,514,1189,543,1199,574
1055,177,0.28426,0.302122,0.390252,0.335796,0.327876,1047,508,1076,495,1105,491,1135,496,1164,514,1185,540,1196,570
1056,177,0.318245,0.42474,0.365828,0.262783,0.298406,1050,502,1079,489,1108,486,1138,496,1166,519,1186,547,1196,577
1057,173,0.342931,0.477253,0.328365,0.209406,0.223342,1059,494,1087,484,1116,484,1145,499,1169,524,1187,553,1197,582
1058,171,0.38771,0.443448,0.248197,0.156509,0.213503,1066,486,1094,480,1122,485,1150,505,1172,531,1189,559,1199,588
1059,161,0.402839,0.367548,0.283929,0.0690652,0.0834765,1072,481,1098,478,1125,486,1151,506,1170,532,1187,559,1201,586
1060,158,0.463555,0.321658,0.12961,0.103948,0.102839,1078,475,1104,475,1130,488,1153,511,1173,537,1189,563,1202,590
1061,155,0.484753,0.205548,0.0716917,0.0526011,0.164676,1086,472,1111,476,1135,494,1157,519,1176,544,1193,569,1205,595
1062,140,0.29524,0.0704736,9.26325e-05,0.143565,0.116934,1101,472,1124,485,1144,506,1163,529,1182,552,1196,575,1207,599
1063,137,0.211001,-0.00702466,0.0299214,0.107735,0.131704,1106,473,1127,489,1145,510,1165,533,1183,555,1198,578,1209,601
1064,137,0.0768758,0.0169789,0.0351297,0.0726266,0.234722,1109,475,1130,495,1148,515,1168,538,1185,559,1201,582,1210,605
1065,130,-0.0310204,0.00254239,0.0496588,0.120531,0.124262,1114,481,1131,500,1151,521,1169,540,1187,561,1201,582,1212,604
1066,129,-0.107832,0.0539482,0.053791,0.150094,0.0905672,1118,487,1135,507,1154,525,1172,544,1189,564,1202,585,1213,607
1067,128,-0.0255428,0.0525632,0.107208,0.0966766,0.205444,1121,494,1139,512,1159,531,1177,550,1193,571,1206,592,1214,614
1068,123,-0.00145056,0.0554915,0.053791,0.201558,0.0583313,1122,497,1141,515,1159,532,1177,551,1194,571,1205,591,1215,612
1069,127,0.053791,0.0539482,0.138036,0.101011,0.197303,1125,502,1145,519,1164,537,1182,556,1197,577,1209,598,1216,619
1070,123,0.0253129,0.105364,0.10032,0.132091,0.181,1126,504,1146,521,1165,538,1184,559,1198,578,1209,598,1216,619
1071,119,0.0582603,0.139567,0.104351,0.0971143,0.166076,1131,509,1150,524,1168,540,1185,560,1198,579,1209,599,1216,619
1072,116,0.0899956,0.144037,0.119647,9.26387e-05,0.211782,1135,513,1154,528,1173,546,1188,565,1199,583,1210,601,1217,621
1073,116,0.0353057,0.117588,0.131329,0.0787457,0.192928,1138,514,1155,529,1174,547,1189,565,1201,584,1211,603,1217,623
1074,118,0.0551189,0.14731,0.165354,0.0182726,0.192928,1139,515,1158,531,1175,547,1190,566,1201,586,1211,605,1217,625
1075,119,0.0872268,0.113241,0.118613,0.101849,0.177783,1143,518,1161,534,1178,552,1193,572,1204,591,1213,611,1218,631
1076,115,0.149323,0.0737031,0.168276,0.0420111,0.136403,1146,521,1164,536,1180,554,1193,571,1203,590,1212,609,1218,628
1077,114,0.176073,0.09975,0.11548,0.0420111,0.136403,1147,521,1165,536,1181,555,1194,574,1204,593,1213,612,1219,631
1078,110,0.186681,0.112401,0.0413582,0.0887815,0.112253,1152,525,1169,540,1183,558,1194,576,1204,594,1212,612,1218,631
1079,117,0.132459,0.0527038,0.11548,0.0858628,0.106973,1153,525,1169,541,1182,558,1195,577,1205,596,1213,615,1219,635
1080,115,0.180573,0.0716178,0.120849,0.0437591,0.141106,1154,526,1171,542,1185,561,1197,580,1206,599,1214,618,1219,637
1081,109,0.165056,0.0808114,9.26387e-05,0.136115,0.0998518,1160,531,1175,547,1187,565,1197,583,1207,601,1214,619,1219,637
1082,106,0.15982,0.138493,-0.0201066,0.116399,0.0687638,1159,531,1174,546,1187,564,1196,581,1206,599,1213,616,1219,634
1083,111,0.0974017,0.140914,0.0207377,0.0926637,0.0649198,1160,531,1175,548,1188,566,1198,585,1207,603,1214,621,1220,640
1084,103,0.148582,0.0424881,0.141024,9.26536e-05,9.26536e-05,1162,532,1177,549,1188,566,1198,583,1205,600,1212,617,1219,634
1085,106,0.165449,0.0167327,0.16074,-0.0688586,0.0215256,1163,533,1176,548,1187,566,1197,583,1204,601,1212,618,1220,636
1086,101,0.0704706,0.0917888,0.0809793,-0.128036,0.046964,1168,536,1179,552,1189,569,1197,586,1203,602,1212,619,1220,636
1087,100,0.118664,-0.0237124,0.0237124,-0.0724542,0.0724542,1169,537,1179,553,1187,570,1195,586,1203,603,1212,619,1220,636
1088,103,0.0917888,9.26536e-05,9.26536e-05,-0.0917888,0.0447322,1167,534,1177,551,1185,568,1193,585,1201,602,1211,619,1220,636
1089,97,0.0511445,9.26536e-05,-0.0511445,-0.124262,0.0293106,1170,540,1178,556,1185,572,1192,588,1200,604,1210,619,1220,635
1090,97,9.26536e-05,-0.0511445,-0.0486492,-0.120267,0.0446536,1168,541,1175,557,1182,573,1190,589,1199,605,1210,620,1220,635
1091,93,-0.114784,-0.0269278,-0.202229,-0.0480288,0.201609,1167,545,1172,560,1179,575,1187,591,1198,605,1211,620,1220,636
1092,86,-0.0617752,-0.215265,-0.165056,9.26536e-05,0.295348,1165,550,1170,564,1176,578,1186,592,1198,604,1210,616,1218,631
1093,90,-0.211565,-0.255369,-0.0769061,0.113699,0.511138,1165,552,1169,566,1177,581,1189,594,1203,607,1215,621,1218,636
1094,84,-0.33499,-0.16619,9.26325e-05,0.404799,0.463555,1166,559,1171,572,1182,585,1195,596,1208,607,1215,621,1215,635
1095,88,-0.162787,9.26325e-05,0.29919,0.463555,0.402407,1164,561,1175,573,1189,584,1203,595,1212,608,1214,622,1210,637
1096,73,9.26387e-05,0.221989,0.190236,1.08944,-0.505356,1165,561,1177,567,1189,573,1200,582,1210,594,1205,606,1206,615
1097,107,0.359376,0.537816,0.38348,0.621605,0.33228,1169,565,1186,566,1204,574,1216,591,1220,608,1213,625,1198,642
1098,115,0.568432,0.754066,0.352898,0.718737,0.128894,1178,566,1197,564,1215,573,1222,592,1222,611,1208,627,1191,642
1099,125,1.05956,0.752773,0.386316,0.556268,0.102637,1187,564,1207,557,1224,572,1226,593,1220,613,1203,628,1182,643
1100,131,1.18238,0.388226,0.482421,0.355375,0.165993,1199,548,1220,548,1229,570,1229,592,1218,613,1198,631,1176,645
1101,131,0.47928,0.268807,0.330738,0.358508,0.124088,1219,532,1230,551,1231,573,1226,595,1213,616,1191,633,1169,646
1102,140,0.489464,0.128647,0.374505,0.387407,0.0201186,1221,520,1232,543,1231,566,1227,589,1213,612,1190,629,1166,646
1103,146,0.3633,0.242059,0.294015,0.328756,0.0204524,1225,515,1233,539,1232,563,1225,587,1210,610,1187,628,1163,646
1104,145,0.248197,0.275537,0.353494,0.1943,9.26536e-05,1229,517,1233,541,1231,565,1222,589,1203,611,1180,629,1157,647
1105,140,0.215549,0.308604,0.227646,0.171631,9.26325e-05,1233,519,1234,542,1230,565,1218,588,1200,609,1177,628,1154,647
1106,141,0.170517,0.313921,0.232846,0.0742512,0.0267208,1235,518,1234,541,1229,564,1215,588,1195,609,1174,628,1153,646
1107,143,0.240251,0.274713,0.202321,0.0742512,-0.0228453,1235,516,1234,539,1227,563,1212,587,1192,608,1171,627,1152,645
1108,133,0.2173,0.258584,0.168618,9.26387e-05,0.0768862,1235,515,1233,537,1226,559,1212,581,1193,602,1174,623,1155,641
1109,136,0.199116,0.198879,0.204014,-0.00228264,0.0498657,1235,513,1232,535,1224,558,1211,580,1191,602,1172,623,1152,643
1110,142,0.30796,0.119568,0.2012,-0.0252045,0.0948591,1235,508,1233,531,1223,555,1210,578,1190,601,1171,624,1150,645
1111,138,0.0683921,0.211959,0.138848,-0.0277483,0.151802,1235,512,1229,534,1221,557,1207,580,1189,602,1172,624,1151,644
1112,146,0.0766792,0.17458,0.193931,-0.0615575,0.156509,1235,506,1229,530,1221,554,1208,578,1189,601,1173,623,1152,644
1113,141,0.0401658,0.200889,0.139993,9.26536e-05,0.173183,1233,508,1227,531,1220,554,1207,578,1190,601,1173,624,1152,644
1114,143,0.0285191,0.179761,0.114162,0.079894,0.175,1232,506,1226,529,1219,553,1207,577,1192,600,1175,622,1153,642
1115,153,9.26387e-05,0.169686,0.22991,0.164877,0.133816,1230,501,1225,526,1220,551,1210,577,1193,602,1172,624,1147,644
1116,159,9.26536e-05,0.206781,0.257231,0.227505,0.132953,1228,495,1225,521,1222,547,1213,574,1196,600,1172,623,1146,642
1117,149,0.0776937,0.190181,0.333706,0.205548,0.0519233,1227,501,1226,525,1223,550,1215,575,1197,599,1172,621,1148,640
1118,150,0.119336,0.260985,0.357216,0.0909413,0.026111,1227,503,1227,527,1224,552,1214,577,1194,599,1170,621,1147,641
1119,144,0.118564,0.275399,0.304418,0.023159,-0.023159,1230,509,1228,532,1223,556,1211,579,1190,600,1168,621,1147,642
1120,142,0.153999,0.304116,0.197303,-0.0255428,0.0255428,1231,513,1228,536,1221,560,1207,581,1185,603,1166,623,1144,645
1121,131,0.114935,0.336866,0.0739406,-0.101781,0.153052,1232,519,1227,540,1219,562,1201,584,1182,604,1165,626,1145,645
1122,131,0.135275,0.12081,0.0543988,0.0337927,0.129262,1232,523,1224,544,1212,566,1197,587,1181,607,1163,628,1143,646
1123,133,0.0369275,0.124262,0.0629815,0.0842704,0.160523,1230,524,1220,546,1209,568,1195,589,1179,610,1160,631,1140,647
1124,139,0.0381582,0.0730252,0.217848,0.168842,0.15982,1226,520,1218,543,1209,566,1198,589,1180,612,1158,632,1135,647
1125,153,-0.0373711,0.164603,0.263713,0.231917,0.122993,1225,511,1218,536,1212,561,1201,587,1183,610,1158,630,1132,646
1126,156,0.0331277,0.247499,0.385065,0.179761,0.0821737,1221,513,1218,538,1214,564,1203,590,1180,613,1154,631,1128,646
1127,154,0.149917,0.306342,0.404642,0.100233,0.0175656,1220,520,1219,545,1214,571,1201,595,1177,614,1152,630,1126,646
1128,148,0.114162,0.43902,0.317899,0.057605,-0.0106212,1221,527,1219,551,1214,576,1197,599,1173,616,1149,631,1124,647
1129,139,0.351092,0.330054,0.181768,0.0310204,-0.0310204,1223,540,1220,563,1208,586,1188,605,1165,620,1142,634,1119,649
1130,139,0.361425,0.351266,0.0778349,0.0298074,-0.0204243,1224,542,1220,565,1207,587,1185,605,1162,621,1139,636,1117,651
1131,132,0.275537,0.239106,0.0221878,0.0619744,9.26536e-05,1225,551,1216,572,1199,593,1178,609,1156,625,1134,639,1112,653
1132,131,0.267846,0.153852,0.0841519,0.0864486,0.0342688,1224,552,1214,573,1195,595,1175,612,1154,627,1132,640,1110,652
1133,137,0.137069,0.194221,0.173153,0.156509,9.26325e-05,1224,551,1212,573,1195,596,1172,617,1150,631,1127,641,1104,651
1134,145,0.199736,0.226706,0.288883,0.17458,9.26387e-05,1220,549,1211,573,1196,597,1175,618,1151,631,1127,639,1103,647
1135,167,0.215909,0.392278,0.388957,0.109634,-0.0332283,1217,544,1211,571,1198,599,1173,622,1146,632,1118,639,1090,647
1136,168,0.287499,0.530489,0.294454,0.065927,-0.0332283,1215,549,1211,576,1198,604,1172,622,1144,631,1116,638,1088,646
1137,161,0.354357,0.585253,0.179761,0.0447322,-0.0342887,1215,555,1211,581,1196,608,1169,622,1143,630,1116,637,1089,645
1138,161,0.452656,0.500254,0.0561141,0.0103508,9.26536e-05,1217,563,1210,589,1190,612,1163,622,1137,630,1110,638,1083,646
1139,155,0.546696,0.310164,0.0601429,-0.0253976,-0.0346527,1217,571,1207,596,1183,614,1157,623,1132,630,1106,638,1080,647
1140,155,0.629242,0.19535,-0.0111114,0.0111114,-0.0685822,1216,576,1204,601,1178,615,1152,623,1127,631,1101,639,1075,649
1141,154,0.480017,0.0904451,-0.0234487,0.0234487,-0.0573782,1216,582,1197,605,1171,616,1146,624,1120,633,1095,641,1069,651
1142,160,0.478183,0.0213687,-0.0213687,0.0213687,-0.0213687,1215,583,1195,605,1168,615,1142,624,1115,634,1089,643,1062,653
1143,146,0.229139,9.26536e-05,9.26536e-05,9.26536e-05,-0.0216431,1210,591,1186,607,1162,616,1138,625,1114,634,1090,643,1065,653
1144,155,0.254666,-0.0338369,-0.0132399,0.0132399,9.26387e-05,1210,590,1186,606,1160,615,1134,625,1109,635,1083,645,1057,655
1145,161,0.196857,-0.0320774,-0.0132723,0.0454424,9.26387e-05,1211,589,1185,605,1158,615,1131,626,1105,637,1078,647,1051,657
1146,157,0.156012,9.26387e-05,-0.0651413,0.0990708,-0.0338369,1206,591,1180,606,1154,616,1128,626,1102,638,1076,647,1050,657
1147,165,0.116638,0.0132399,0.0179234,0.0650325,-0.0211807,1206,589,1179,605,1152,617,1124,629,1097,640,1070,649,1042,659
1148,157,0.0850402,0.0614409,0.0990708,0.0701569,9.26536e-05,1202,588,1176,605,1150,619,1124,631,1098,640,1072,647,1046,654
1149,159,0.142488,0.224276,0.0916183,0.110253,0.0418995,1197,586,1172,608,1146,625,1119,635,1093,642,1067,646,1040,649
1150,177,0.289411,0.359554,0.157428,0.0341325,0.0354428,1194,583,1173,610,1145,630,1115,638,1086,641,1057,643,1027,644
1151,180,0.5616,0.292469,0.163982,0.0332283,-0.0664755,1191,588,1175,616,1145,632,1115,638,1085,639,1055,639,1025,641
1152,181,0.677616,0.25509,0.0664755,-0.0332283,-0.0331545,1191,596,1173,624,1143,634,1113,636,1083,636,1053,637,1023,639
1153,183,0.578514,0.165056,9.26536e-05,9.26536e-05,-0.0963811,1192,607,1167,630,1137,635,1106,635,1076,635,1046,635,1015,638
1154,186,0.393391,0.128628,-0.0321542,9.26536e-05,-0.128231,1191,616,1161,632,1130,635,1099,634,1068,634,1037,634,1006,638
1155,192,0.309646,0.062387,-0.0311472,-0.0311472,-0.0930225,1187,622,1156,633,1124,634,1092,633,1060,633,1028,634,996,638
1156,190,0.221989,0.0643342,-0.0643342,-0.0643342,-0.0598355,1183,626,1152,633,1120,633,1089,631,1057,631,1026,633,994,637
1157,208,0.23166,-0.0275848,-0.0578743,-0.0593511,-0.025692,1180,627,1146,633,1111,631,1077,630,1042,631,1008,634,973,638
1158,194,0.186681,-0.0310863,-0.062387,-0.0310863,-0.117342,1176,628,1144,632,1112,630,1080,629,1048,630,1016,632,983,638
1159,189,0.128761,-0.0330944,-0.0633941,-0.0641342,-0.0584303,1165,629,1134,631,1103,629,1071,628,1040,629,1009,632,977,637
1160,199,0.0907331,9.26536e-05,-0.0907331,-0.0300352,-0.089101,1166,627,1133,629,1100,628,1067,627,1034,629,1001,632,968,638
1161,210,0.0872268,9.26325e-05,-0.113976,-0.0281941,-0.0558936,1162,626,1128,628,1093,627,1058,626,1023,629,988,633,953,639
1162,197,0.0614409,-0.0604949,-0.0320324,-0.08786,-0.0293894,1154,625,1122,626,1089,625,1056,626,1024,628,991,633,958,639
1163,199,0.0302011,9.26536e-05,-0.0905672,-0.0596189,-0.0585589,1149,624,1116,625,1083,625,1050,625,1017,628,984,633,951,640
1164,209,0.0293106,-0.028471,-0.0593511,-0.053797,-0.0554059,1148,623,1114,624,1079,624,1044,625,1010,628,975,633,940,640
1165,215,0.028471,-0.0554059,-0.0582008,-0.0241214,-0.0539493,1143,622,1108,623,1072,623,1036,625,1001,629,965,634,929,641
1166,220,0.0283854,-0.0283854,-0.0787303,-0.00359193,-0.0488806,1139,620,1103,622,1066,623,1030,625,993,630,957,635,920,642
1167,216,0.0292175,-0.0552779,-0.0274233,-0.0543988,-0.0268067,1134,619,1099,621,1063,622,1027,625,991,629,955,635,919,642
1168,213,9.26536e-05,-0.0259678,-0.0305581,-0.0558936,-0.0221771,1130,618,1095,620,1060,622,1024,625,989,629,954,635,918,642
1169,211,0.0283319,-0.0283319,-0.0281941,-0.0558936,-0.0275246,1124,617,1089,620,1054,622,1019,625,984,629,949,635,914,642
1170,215,0.0859287,-0.0827939,-0.0311472,-0.023159,-0.0268067,1121,616,1086,620,1050,621,1014,625,979,630,943,636,907,643
1171,214,0.0299141,-0.0582008,-0.0241214,-0.0316796,-0.0221771,1119,616,1084,619,1048,621,1013,625,977,630,942,636,906,643
1172,212,9.26536e-05,-0.0281941,-0.0280124,-0.0277886,-0.0221771,1113,615,1078,618,1043,621,1008,625,973,630,938,636,902,643
1173,220,-0.024456,-0.0028747,-0.0500129,-0.00429328,-0.0217379,1108,615,1072,618,1035,622,999,626,962,632,926,638,889,645
1174,218,0.0274233,-0.0547721,9.26536e-05,-0.02705,-0.047697,1106,614,1070,618,1034,621,998,626,962,631,926,637,889,645
1175,219,0.0274233,-0.0510876,-0.0307346,9.26536e-05,-0.047697,1101,614,1065,618,1029,621,992,626,956,632,920,638,883,646
1176,216,0.00304213,9.26325e-05,-0.0812981,0.0268067,-0.0268067,1101,613,1066,617,1030,621,994,625,958,632,922,638,886,645
1177,223,9.26387e-05,9.26387e-05,-0.0263486,9.26387e-05,9.26387e-05,1096,612,1059,617,1022,622,985,627,948,633,911,639,874,645
1178,224,-0.0265389,9.26387e-05,-0.0263486,-0.0261239,0.0302847,1091,613,1054,617,1017,622,980,627,943,633,906,640,868,646
1179,219,0.0272561,-0.0235716,-0.0576339,0.0268067,-0.0217379,1090,612,1054,617,1018,621,981,626,945,633,909,639,872,646
1180,220,0.0307346,-0.00359193,-0.0226641,-0.0311926,0.00497609,1086,611,1050,617,1013,622,977,627,940,633,904,640,867,647
1181,224,0.0263486,9.26387e-05,-0.0525652,9.26325e-05,0.00471831,1084,611,1047,617,1010,622,973,627,936,634,899,641,861,648
1182,217,9.26536e-05,0.02705,-0.0539493,0.0268067,-0.0268067,1080,610,1044,616,1008,622,972,627,936,634,900,640,864,647
1183,219,0.0539493,0.00359193,-0.0576339,0.0268067,-0.047697,1079,610,1043,617,1007,622,970,627,934,634,898,640,861,648
1184,222,0.0576339,-0.0263486,-0.0261239,0.0261239,-0.052083,1075,610,1039,617,1002,622,965,628,928,635,891,641,854,649
1185,224,-0.0261239,0.0525652,-0.0525652,0.0261239,-0.0466408,1073,610,1036,616,999,623,962,628,925,635,888,641,850,649
1186,219,0.0268067,0.00429328,-0.00429328,-0.0268067,0.00497609,1067,610,1031,617,995,623,958,629,922,635,886,642,849,649
1187,222,0.0311926,-0.0261239,0.0261239,-0.0261239,-0.0258664,1068,609,1032,616,995,622,958,629,921,635,884,642,847,650
1188,223,9.26325e-05,0.0261239,-0.0261239,9.26325e-05,9.26325e-05,1065,609,1028,616,991,623,954,629,917,636,880,643,843,650
1189,216,0.0594698,9.26536e-05,-0.0268067,9.26536e-05,9.26536e-05,1058,609,1023,617,987,623,951,629,915,636,879,643,843,650
1190,218,0.0534276,9.26536e-05,-0.0268067,9.26536e-05,-0.0207977,1058,609,1022,617,986,623,950,629,914,636,878,643,841,651
1191,222,0.0578136,9.26387e-05,-0.052083,0.0258664,9.26325e-05,1056,609,1020,617,983,623,946,629,909,637,872,644,835,651
1192,224,0.0258664,0.0261239,-0.0261239,9.26325e-05,-0.0204243,1054,609,1017,617,980,624,943,630,906,637,869,644,831,652
1193,217,0.0262171,0.0265283,9.26536e-05,0.0268067,-0.0268067,1049,607,1013,616,977,624,941,631,905,638,869,644,833,651
1194,212,0.173762,0.108429,0.0277886,0.0562991,-0.0795507,1042,601,1007,618,972,628,937,634,902,639,867,642,831,648
1195,210,0.369955,0.139113,0.0283319,-0.0283319,-0.111798,1033,601,999,624,964,632,929,635,894,637,859,640,824,647
1196,215,0.449904,0.137913,9.26536e-05,-0.110565,-0.134229,1031,607,998,629,962,634,926,634,891,634,855,638,819,647
1197,220,0.343778,0.0824263,-0.0824263,-0.138036,-0.123734,1028,619,992,633,955,634,919,632,882,633,846,639,809,650
1198,229,0.259987,0.0261082,-0.157475,-0.12862,-0.09829,1026,626,988,634,950,632,912,629,874,632,836,640,798,652
1199,231,0.131274,-0.00191942,-0.207507,-0.150852,-0.039886,1021,630,983,632,945,629,906,626,868,631,830,642,791,655
1200,225,0.134229,-0.134229,-0.16067,-0.12812,-0.0868929,1014,630,977,630,940,625,902,625,865,631,828,642,790,657
1201,230,0.0261082,-0.131274,-0.154821,-0.122036,-0.0149303,1009,627,971,625,933,622,895,624,857,632,819,645,780,659
1202,228,-0.000618078,-0.157044,-0.101637,-0.0969748,-0.0232733,1000,622,963,621,925,620,887,625,849,634,811,647,773,661
1203,223,-0.0539482,-0.185825,-0.0509327,-0.0976729,0.0237584,988,618,951,617,914,618,877,626,840,636,803,650,766,663
1204,224,-0.134229,-0.0785243,-0.10059,-0.0241649,-0.0150195,982,613,945,613,908,618,871,626,834,638,797,651,759,665
1205,224,-0.185825,-0.0509327,-0.0495643,9.26536e-05,-0.0392771,973,610,936,611,899,619,862,629,825,641,788,653,750,667
1206,235,-0.124499,-0.0480183,-0.0467481,-0.0228041,0.0460557,972,606,933,610,894,619,855,630,816,643,777,657,738,669
1207,229,-0.100629,-0.0484625,9.26387e-05,-0.0470189,0.0470189,962,604,924,610,886,620,848,632,810,644,772,658,734,670
1208,226,-0.0186217,-0.0804618,0.0560137,-0.0560137,0.00816113,954,602,917,611,879,621,842,634,804,645,767,658,729,671
1209,230,-0.0477599,0.0477599,-0.0240144,9.26387e-05,-0.015779,949,600,911,611,873,624,835,635,797,647,759,659,720,672
1210,225,0.0726612,-0.0405563,0.065568,-0.0495643,0.00764913,939,600,902,614,865,625,827,638,790,648,753,660,715,672
1211,231,0.0462439,0.0310328,0.0166344,9.26536e-05,0.0306765,934,600,896,615,858,628,819,640,781,651,743,662,704,672
1212,224,0.0909566,0.0726612,0.0502734,9.26536e-05,0.00595973,924,600,887,618,850,632,813,643,776,652,739,661,701,670
1213,229,0.168227,0.118545,0.0750628,9.26536e-05,0.0254738,918,599,880,622,842,637,804,647,766,654,728,661,690,667
1214,222,0.258428,0.174657,0.0791967,-0.0265389,-0.0263486,908,604,873,629,836,643,799,650,762,654,725,659,688,665
1215,224,0.2805,0.232624,-0.0266931,0.0266931,-0.0756051,905,610,868,635,831,647,794,650,757,654,720,657,682,663
1216,233,0.372054,0.10132,-0.0274541,-0.0233301,-0.05035,901,620,863,642,824,648,785,650,747,653,708,657,669,663
1217,237,0.312452,0.0516844,-0.0516844,-0.0253422,-0.0709463,898,629,859,645,820,648,780,649,741,652,702,656,662,663
1218,237,0.198045,0.101674,-0.0761393,-0.0761797,-0.0697933,896,635,857,646,818,649,778,648,739,650,700,655,660,663
1219,240,0.152509,0.0498969,-0.099762,-0.0739374,-0.0242631,892,640,853,647,813,648,773,647,733,650,693,656,653,663
1220,237,0.102315,-0.0255428,-0.0766792,-0.050645,-0.0697933,883,645,844,648,805,647,765,647,726,650,687,655,647,663
1221,240,0.101103,-0.0748605,-0.0497724,-0.0739374,-0.0242631,879,646,840,648,800,646,760,647,720,650,680,656,640,663
1222,244,0.0486492,-0.073644,-0.0962646,-0.0274453,0.00348728,868,647,828,647,787,645,747,646,706,651,666,657,625,663
1223,241,0.0498657,-0.0998241,-0.0496176,-0.0491286,-0.048413,866,646,826,646,786,644,746,646,706,650,666,656,626,664
1224,242,0.0249021,-0.0498969,-0.0992675,-0.048798,-0.0193624,860,645,820,645,780,644,740,645,700,650,660,657,619,665
1225,243,-0.0249021,-0.0729479,-0.0512218,-0.0244423,-0.0437182,852,644,812,643,772,643,731,646,691,651,651,657,610,665
1226,244,-0.0492875,-0.0503818,-0.0463995,-0.051801,0.00405179,847,643,807,642,766,643,726,646,685,651,645,658,604,665
1227,244,-0.0242928,-0.0503818,-0.0703575,-0.027843,0.00405179,839,642,799,642,758,643,718,646,677,652,637,659,596,666
1228,241,-0.0498657,-0.0496176,-0.0245937,-0.048798,-0.0240572,831,641,791,641,751,643,711,647,671,652,631,659,591,667
1229,242,-0.0248709,-0.0743039,9.26536e-05,-0.048798,-0.0193624,826,639,786,640,746,642,706,647,666,652,626,659,585,667
1230,245,0.00112389,-0.0484187,-0.0515441,-0.0201186,-0.0468911,824,638,784,640,743,642,702,646,662,652,621,659,580,668
1231,240,-0.0491318,-0.0494025,-0.0244423,-0.0242631,-0.0240572,813,638,774,639,734,642,694,647,654,653,614,660,574,668
1232,241,-0.0248088,-0.0494025,-0.0244423,9.26536e-05,-0.0723318,813,637,773,639,733,642,693,647,653,653,613,659,573,668
1233,244,0.00172663,-0.0512218,-0.0446536,-0.0282017,0.0282017,805,636,765,639,724,642,684,647,643,654,603,662,562,669
1234,254,-0.0234456,-0.0233144,9.26387e-05,-0.023159,0.0264163,803,634,761,638,719,643,677,649,635,655,593,662,550,668
1235,239,-0.0197067,0.0729479,0.0220556,-0.0465906,-0.0242631,793,630,754,637,714,645,674,650,635,654,595,660,555,667
1236,244,0.167481,0.0693399,0.0265354,-0.0512218,-0.0916373,788,626,748,640,707,647,667,651,626,654,586,659,545,668
1237,236,0.194148,0.101781,-0.0255091,-0.126266,-0.113768,780,630,741,643,702,648,663,649,624,651,585,658,545,670
1238,238,0.177234,0.0761393,-0.126004,-0.17605,-0.150775,776,638,737,646,697,647,658,645,618,648,579,658,539,675
1239,232,0.181556,0.00191942,-0.155463,-0.204907,-0.212077,772,642,734,646,695,643,657,640,618,643,580,654,541,675
1240,223,0.161249,9.26387e-05,-0.18823,-0.283784,-0.30553,762,642,725,643,688,638,651,633,614,635,577,648,541,675
1241,214,0.051264,0.00453694,-0.252827,-0.272402,-0.460909,754,640,719,636,683,630,648,624,612,627,577,640,546,673
1242,196,0.0223856,-0.0827465,-0.275528,-0.31762,-0.596556,738,633,706,626,673,618,641,613,608,617,576,632,557,664
1243,193,-0.0290961,-0.120531,-0.248617,-0.508301,-0.875536,731,624,699,615,667,607,635,603,603,607,573,629,571,661
1244,183,-0.153957,-0.22955,-0.404288,-0.791053,-0.888586,706,610,676,599,646,593,615,594,585,608,575,636,592,664
1245,184,-0.280492,-0.293379,-0.537016,-1.0336,-0.785306,695,599,665,586,634,582,604,587,578,609,583,639,611,659
1246,193,-0.481809,-0.381078,-0.936211,-1.00739,-0.426535,679,588,648,573,616,574,584,588,577,619,602,644,634,656
1247,188,-0.474544,-0.574394,-1.18029,-0.629911,-0.201188,657,570,626,563,595,571,572,596,586,626,615,642,647,652
1248,188,-0.540802,-0.865004,-1.05618,-0.267196,-0.145279,639,558,608,556,577,572,570,602,595,625,626,641,658,652
1249,181,-0.617874,-1.10833,-0.603401,-0.0401051,-0.0982222,613,546,583,556,564,582,579,611,609,627,638,641,668,652
1250,171,-0.909661,-0.950454,-0.215265,0.0586632,-0.0712148,589,545,562,566,562,594,590,614,618,626,646,640,675,652
1251,171,-1.15829,-0.629711,-0.0723609,0.0296858,0.0149967,574,548,554,572,567,598,596,613,624,625,652,638,681,652
1252,178,-1.07409,-0.357764,-0.0407591,-0.016475,0.0849126,558,547,549,575,571,598,600,612,630,625,659,637,688,652
1253,196,-0.972474,-0.176948,0.0423655,0.0870125,-0.166491,546,551,548,583,580,602,612,614,645,628,677,645,710,656
1254,184,-0.728285,-0.0435954,0.0435954,-0.0151939,0.0416608,539,559,551,586,582,600,612,612,643,626,673,639,704,654
1255,184,-0.410445,-0.0164804,0.0164804,0.0394551,0.0139415,533,564,555,587,586,600,616,612,647,625,677,639,708,654
1256,193,-0.324846,0.0535471,-0.0264351,0.0776723,-0.0511445,528,564,555,586,587,598,619,612,651,625,683,641,715,655
1257,194,-0.129471,0.0535471,0.0258335,-0.0258335,0.0141244,528,569,560,586,592,598,624,612,656,627,688,641,721,656
1258,197,0.0152535,9.26536e-05,0.0370151,-0.0116164,-0.025306,531,572,563,585,596,599,629,613,661,628,694,643,727,657
1259,198,0.0152535,0.025306,9.26387e-05,-0.025306,9.26536e-05,536,573,568,586,601,600,634,615,667,630,700,644,733,658
1260,202,0.0882841,-0.0121019,-0.0358683,-0.0666284,0.0417434,538,571,571,584,605,601,638,617,672,632,705,644,739,658
1261,209,0.0534276,-0.088173,-0.112769,-0.00890261,-0.0256938,545,567,579,585,614,606,649,623,683,635,718,647,753,658
1262,205,-0.0534801,-0.154824,-0.153698,-0.0829136,-0.0569403,551,563,584,588,618,611,652,627,686,637,720,644,754,649
1263,202,-0.239499,-0.239299,-0.229166,-0.0252959,-0.0617752,562,564,589,595,623,619,656,632,690,637,723,641,757,643
1264,225,-0.427281,-0.303786,-0.205444,-0.0269278,0.0524904,565,568,590,604,627,626,665,635,702,636,739,636,777,638
1265,231,-0.505488,-0.397194,-0.127417,-0.0786913,0.0786913,564,574,585,609,623,631,662,636,700,636,738,633,777,633
1266,228,-0.481896,-0.285202,-0.131274,9.26387e-05,0.0786913,565,592,593,622,630,635,668,637,706,634,744,631,782,631
1267,223,-0.484072,-0.213907,-0.107208,0.0533247,0.107832,566,604,600,631,637,638,674,637,711,632,748,629,785,630
1268,228,-0.390582,-0.209661,-0.0258578,0.0781517,0.131274,569,615,606,635,644,639,682,635,720,630,758,628,796,631
1269,230,-0.375868,-0.130735,0.0258578,0.0784746,0.128424,573,623,611,638,649,638,687,633,725,629,763,628,802,632
1270,227,-0.29163,-0.0777253,0.0756051,0.107121,0.155766,585,631,622,639,660,636,698,630,735,627,773,628,811,635
1271,227,-0.239106,-0.0516323,0.0756051,0.159595,0.12862,592,633,629,638,667,634,705,628,742,625,780,628,818,636
1272,226,-0.184736,-0.00340139,0.134229,0.107597,0.0997137,602,634,639,636,677,631,714,626,752,626,789,630,827,638
1273,229,-0.104784,0.0260003,0.0786913,0.156509,0.0254738,610,633,648,633,686,629,724,626,762,626,800,632,838,639
1274,230,-0.104784,0.0784746,0.0788001,0.0522012,0.097352,618,631,656,631,694,627,732,626,770,628,808,632,847,640
1275,233,-0.0503695,0.0766792,0.0786913,0.0486329,0.049994,627,630,665,629,704,626,743,626,781,629,820,634,859,641
1276,243,0.0249021,0.0729479,0.0265354,9.26536e-05,0.0215907,631,626,671,625,711,625,752,628,792,632,832,636,873,641
1277,237,0.0508769,-0.00244541,-0.0228041,-0.0510438,0.0491318,639,621,678,623,717,627,757,631,796,634,835,635,875,638
1278,234,0.0466761,-0.049994,-0.101781,-0.0767799,0.0767799,645,618,683,623,722,630,761,635,800,636,839,634,878,635
1279,234,-0.0549094,-0.125457,-0.153451,9.26536e-05,0.0766792,655,618,693,628,732,636,771,639,810,636,849,633,888,633
1280,225,-0.154561,-0.186812,-0.0816457,0.0265389,0.133907,669,626,706,637,743,642,781,640,818,635,855,631,893,632
1281,238,-0.0747672,-0.102644,0.0286136,0.174433,0.219251,912,629,873,629,833,632,794,639,754,645,715,644,675,634
1282,230,-0.105001,-0.103292,9.26536e-05,0.0771987,0.232294,913,629,875,628,837,631,799,638,761,645,723,649,684,644
1283,230,-0.157367,-0.0258578,-0.0512483,-0.0252353,0.207404,920,629,882,627,844,631,806,636,768,643,730,651,691,651
1284,233,-0.129262,-0.0253422,-0.0798689,-0.0445379,0.0740569,930,629,892,627,853,630,814,634,776,641,737,650,698,656
1285,227,-0.133395,-0.0522012,-0.0557931,-0.0964683,0.0246741,935,629,898,626,860,628,822,632,785,638,747,648,709,657
1286,224,-0.107832,-0.053791,-0.0533247,-0.12955,-0.0418225,939,630,902,627,865,628,828,631,791,636,754,646,716,658
1287,224,-0.0808114,-0.0539088,-0.0802273,-0.0785243,-0.0928479,950,630,913,627,876,627,839,629,802,634,765,642,727,654
1288,223,-0.0268884,-0.0539482,-0.0805768,-0.0791967,-0.101903,957,630,920,628,883,627,846,628,809,632,772,639,735,650
1289,223,-0.053791,-0.0539482,-0.0268884,-0.0802273,-0.154561,964,631,927,628,890,627,853,628,816,630,779,635,742,646
1290,230,-0.0523816,-0.0262171,-0.0524904,-0.0261082,-0.196033,977,631,939,628,901,627,863,627,825,629,787,632,748,643
1291,223,-0.0808114,0.0269278,-0.0269278,-0.0808114,-0.157613,977,631,940,628,903,628,866,627,829,627,792,630,755,639
1292,219,-0.0827939,-0.027678,9.26536e-05,-0.027678,-0.159116,982,632,946,628,910,627,873,627,837,627,801,628,764,635
1293,225,-0.107597,0.0262171,0.000618078,-0.0539482,-0.129489,991,632,954,628,917,628,879,627,842,626,805,627,767,633
1294,220,0.110565,0.027678,-0.000657534,0.000657534,0.0530408,778,630,814,626,851,626,887,627,924,628,960,629,997,632
1295,219,0.0554059,0.0269278,0.000657534,9.26536e-05,0.0530408,783,628,819,626,855,626,892,627,928,628,964,629,1001,632
1296,222,0.0824263,9.26536e-05,9.26536e-05,0.0268884,9.26536e-05,787,627,823,625,860,626,897,627,934,628,971,630,1008,632
1297,216,0.027678,9.26536e-05,9.26536e-05,9.26536e-05,0.0827939,797,625,832,625,868,626,904,627,940,628,976,629,1012,633
1298,219,0.027678,-0.000657534,0.000657534,0.0276352,0.0253129,802,625,838,625,874,626,911,627,947,628,983,630,1020,633
1299,216,-0.000700368,9.26536e-05,9.26536e-05,0.0276352,0.0275501,811,624,846,625,882,626,918,627,954,628,990,630,1026,633
1300,220,-0.000657534,0.000657534,-0.000657534,0.0283854,0.0520987,813,624,849,625,886,626,922,627,959,628,995,630,1032,634
1301,212,9.26325e-05,9.26325e-05,9.26325e-05,0.0284245,0.0534838,822,624,857,625,892,626,927,627,962,628,997,630,1033,634
1302,216,-0.0292175,9.26536e-05,0.0276352,9.26536e-05,0.0275501,825,623,860,625,896,626,932,627,968,629,1004,631,1040,634
1303,214,-0.0292175,0.0292175,-0.0292175,0.0292175,0.0259678,832,623,867,625,903,626,938,628,974,629,1009,631,1045,634
1304,213,9.26536e-05,-0.0292175,0.000700368,0.0284245,0.0534838,836,623,871,625,906,627,942,628,977,629,1012,631,1048,635
1305,207,-0.0292599,-0.000746977,0.000746977,0.0292599,0.0266568,845,624,879,626,913,627,948,628,982,629,1016,631,1051,634
1306,214,-0.0292175,0.000700368,0.0268422,0.00148962,0.0259678,846,624,881,626,917,627,952,628,988,630,1023,632,1059,635
1307,211,-0.0284245,9.26325e-05,0.0284245,9.26536e-05,0.0283319,852,624,887,626,922,627,957,628,992,630,1027,632,1062,635
1308,212,-0.0284245,0.0284245,-0.0284245,0.056849,-0.0299141,856,624,891,626,926,627,961,629,996,630,1031,633,1067,635
1309,208,0.0275848,-0.0275848,0.0275848,0.00158239,-0.00158239,864,625,898,626,933,628,967,629,1002,631,1036,633,1071,635
1310,209,-0.00240943,-0.0283319,0.00158239,-0.0300995,9.26325e-05,867,622,901,625,936,628,971,630,1005,632,1040,633,1075,634
1311,200,9.26325e-05,-0.11712,-0.0902373,-0.150825,0.0617752,874,614,907,622,940,630,973,634,1006,635,1039,631,1073,629
1312,194,-0.16067,-0.209315,-0.217739,-0.120531,0.0945146,885,611,917,627,949,637,981,640,1013,636,1045,628,1078,623
1313,190,-0.37996,-0.247512,-0.183018,-0.0671046,0.0971143,892,615,923,636,955,643,986,642,1018,635,1049,626,1081,620
1314,189,-0.185989,0.00829485,0.0828903,0.223339,0.353543,1089,619,1058,622,1027,631,995,640,964,646,933,645,901,632
1315,187,-0.125515,-0.0603804,9.26536e-05,0.154139,0.319415,1095,618,1064,621,1033,628,1002,637,971,646,940,650,909,644
1316,191,-0.153008,-0.0887268,-0.00829485,0.0374836,0.276126,1106,618,1075,619,1043,625,1011,634,980,643,948,651,916,650
1317,183,-0.197303,-0.0245937,-0.0692822,0.0307617,0.100597,1110,618,1080,618,1050,624,1019,631,989,640,959,648,928,653
1318,178,-0.130587,-0.0387766,-0.0251213,-0.102735,0.134571,1113,617,1084,618,1054,623,1025,629,995,636,966,646,936,652
1319,176,-0.0685199,-0.0675609,-0.0660209,-0.0639788,0.0402252,1118,617,1089,618,1060,621,1031,626,1002,633,973,642,943,650
1320,178,-0.099576,-0.0373049,-0.0279898,-0.103926,-0.0221966,1127,617,1098,617,1068,620,1039,624,1009,629,980,637,950,646
1321,179,-0.0664755,-0.0330078,-0.0373049,-0.0920731,-0.12212,1132,617,1103,617,1073,619,1043,622,1014,626,984,633,954,644
1322,173,-0.104463,-0.0341325,-0.00356141,-0.0639069,-0.130092,1135,617,1107,616,1078,618,1049,621,1021,624,992,629,963,638
1323,174,-0.105684,-0.0342947,9.26387e-05,-0.068117,-0.132009,1144,618,1116,616,1087,617,1058,619,1029,621,1000,625,971,633
1324,177,-0.103233,0.00105545,-0.0354428,-0.0341325,-0.157428,1149,618,1120,616,1091,617,1061,618,1032,620,1003,623,973,631
1325,172,-0.0712148,-0.0356065,0.00113736,-0.0721739,-0.0971897,1151,618,1123,616,1094,616,1066,617,1037,618,1009,621,980,627
1326,170,-0.0712148,9.26536e-05,9.26536e-05,-0.0712148,-0.0993351,1156,618,1128,616,1100,616,1072,616,1044,616,1016,618,987,623
1327,171,-0.0712148,9.26536e-05,9.26536e-05,-0.0356065,-0.101274,1162,618,1134,616,1106,616,1077,616,1049,616,1021,617,992,621
1328,170,0.106643,9.26536e-05,0.0356065,-0.0356065,0.0687638,998,618,1026,615,1054,615,1082,615,1110,616,1138,616,1167,618
1329,165,0.0738464,0.0356065,-0.0356065,0.0369275,0.0341947,1004,616,1031,614,1058,614,1086,615,1113,615,1140,616,1168,618
1330,163,0.0739476,9.26536e-05,-0.0369275,0.0369275,0.0368263,1010,614,1037,613,1064,614,1091,615,1118,615,1145,616,1172,618
1331,158,9.26536e-05,0.0383499,9.26536e-05,9.26536e-05,0.0354038,1015,613,1041,613,1067,613,1093,614,1119,615,1145,616,1172,618
1332,160,0.0369275,0.00132982,-0.00132982,0.00132982,0.072122,1018,612,1044,612,1071,613,1097,614,1124,615,1150,616,1177,619
1333,161,-0.00132982,9.26536e-05,0.00132982,-0.00132982,0.0735445,1022,611,1048,612,1075,613,1102,614,1128,615,1155,616,1182,619
1334,156,-0.00144344,9.26536e-05,9.26536e-05,0.0382366,9.26325e-05,1028,611,1053,612,1079,613,1105,614,1131,615,1157,617,1183,619
1335,152,0.0397586,-0.0397586,9.26387e-05,0.0397586,0.034954,1037,610,1062,611,1087,613,1112,614,1137,615,1162,617,1188,620
1336,154,-0.00144344,0.0412947,-0.0412947,0.0412947,0.034954,1037,610,1062,611,1088,612,1113,614,1139,615,1164,617,1190,620
1337,153,9.26387e-05,0.0367006,-0.0367006,9.26387e-05,0.112578,1038,610,1063,611,1088,612,1114,614,1139,615,1164,616,1190,620
1338,144,-0.00171566,0.041406,-0.041406,0.041406,0.0411211,1049,610,1072,611,1096,612,1120,614,1144,615,1168,617,1192,620
1339,149,-0.0430699,9.26387e-05,-0.039886,0.119336,0.0391337,1049,610,1073,612,1098,613,1123,614,1147,614,1172,617,1197,621
1340,148,-0.039886,-0.00157124,0.0415499,0.165056,0.107767,1053,614,1077,614,1102,613,1126,612,1151,612,1175,616,1200,623
1341,146,9.26536e-05,0.0411211,0.16619,0.161745,0.100484,1059,617,1083,614,1107,611,1131,609,1155,611,1179,617,1204,626
1342,148,0.0862307,0.158563,0.119336,0.239249,-0.0131224,1060,617,1084,611,1109,607,1133,607,1158,610,1182,619,1207,628
1343,144,0.170993,0.248617,0.159346,0.0378638,9.26387e-05,1067,613,1090,606,1114,603,1138,606,1162,613,1186,621,1210,629
1344,146,0.244886,0.165056,0.156509,9.26387e-05,-0.011955,1068,608,1092,602,1116,602,1140,606,1164,614,1188,622,1213,630
1345,145,0.165905,0.203243,0.0766792,9.26387e-05,0.0369275,1071,603,1095,600,1119,601,1143,607,1167,615,1191,623,1215,632
1346,143,0.167713,0.120531,0.127916,-0.089101,0.110904,1073,599,1096,598,1120,601,1144,607,1167,616,1191,623,1215,633
1347,147,0.207404,0.148561,0.0856693,-0.0369275,0.0237124,1069,599,1093,597,1117,600,1142,607,1166,616,1190,624,1215,633
1348,147,0.248197,0.107767,0.0856693,-0.0369275,0.0586632,1069,598,1093,596,1117,600,1142,607,1166,616,1190,624,1215,634
1349,143,0.208507,0.156509,0.0128936,-0.0128936,0.0369275,1071,597,1094,596,1118,600,1142,608,1165,616,1189,624,1213,633
1350,148,0.197303,0.124262,0.0237124,-0.0237124,-0.011955,1074,597,1098,597,1123,602,1147,610,1172,619,1196,627,1221,635
1351,143,0.205303,0.0783061,0.089101,-0.0511445,9.26387e-05,1073,597,1096,597,1120,602,1144,609,1167,618,1191,626,1215,634
1352,139,0.257419,0.0812875,0.0774542,-0.0381582,-0.0392033,1075,598,1098,597,1121,602,1144,609,1167,618,1190,626,1213,633
1353,140,0.215549,0.123157,0.150572,-0.150572,-0.0115541,1074,598,1097,597,1120,601,1143,608,1166,619,1189,626,1213,633
1354,145,0.205303,0.189303,0.0348785,-0.145876,-0.242059,1070,596,1094,596,1118,601,1142,611,1166,622,1190,629,1214,630
1355,142,0.144617,0.0872422,-0.0512218,-0.264996,-0.294759,1074,591,1097,596,1121,605,1144,616,1168,626,1191,629,1215,625
1356,146,0.0665678,-0.0326825,-0.25816,-0.205303,-0.345463,1073,587,1097,598,1121,611,1145,623,1169,628,1193,628,1218,619
1357,142,-0.108341,-0.232541,-0.212207,-0.297109,-0.215609,1078,590,1101,607,1125,621,1148,628,1172,630,1195,625,1219,614
1358,144,-0.255875,-0.224274,-0.205303,-0.283701,-0.244188,1078,596,1100,614,1124,625,1148,630,1172,630,1196,623,1220,609
1359,148,-0.348093,-0.185255,-0.243691,-0.202229,-0.188645,1075,603,1097,620,1122,628,1146,631,1171,628,1195,620,1220,606
1360,149,0.150775,0.148067,0.238945,0.11692,0.410565,1220,604,1196,617,1171,626,1146,631,1122,630,1097,626,1072,610
1361,151,0.169724,0.0740653,0.195474,0.159315,0.226034,1219,603,1194,616,1169,624,1144,630,1119,631,1094,628,1069,619
1362,158,0.20056,0.0729138,0.0372463,0.190999,0.259964,1217,603,1191,616,1165,623,1139,628,1113,632,1087,631,1061,623
1363,153,0.104711,0.156961,-0.00591328,9.26387e-05,0.235334,1217,603,1192,614,1167,622,1141,626,1116,630,1091,634,1065,632
1364,157,0.20056,0.148025,-0.0376801,-0.0372463,0.075019,1219,601,1193,614,1167,621,1141,624,1115,628,1089,633,1063,636
1365,154,0.241828,0.218576,0.0412947,-0.0808937,-0.107277,1219,599,1194,614,1168,622,1143,624,1117,625,1092,628,1066,634
1366,149,0.314139,0.260985,0.160979,0.0380948,-0.0397586,1218,595,1194,615,1169,625,1144,628,1120,627,1095,625,1070,624
1367,155,0.290418,0.378653,0.226706,0.226706,9.26536e-05,1223,583,1203,608,1177,626,1151,632,1126,632,1100,626,1074,620
1368,149,0.141804,0.305786,0.355072,0.204092,0.265633,1225,575,1207,599,1185,621,1160,634,1136,637,1111,635,1086,626
1369,152,0.118474,0.211459,0.333706,0.30961,0.152557,1227,567,1210,592,1190,615,1166,633,1141,641,1116,641,1090,637
1370,152,0.129127,0.182235,0.271217,0.250032,0.235745,1228,559,1213,584,1194,608,1170,629,1145,641,1120,646,1094,645
1371,148,0.127508,0.115859,0.261416,0.24747,0.163003,1228,552,1215,576,1197,601,1176,624,1151,640,1127,648,1102,652
1372,143,0.0135305,0.187576,0.164514,0.193931,0.251351,1228,547,1215,570,1201,594,1181,617,1158,636,1134,649,1110,655
1373,150,0.0496644,0.170259,0.158687,0.192741,0.223665,1228,537,1217,561,1204,586,1185,611,1163,632,1138,648,1113,657
1374,156,-0.0132399,0.184388,0.277101,0.247913,0.0936081,1226,532,1216,557,1206,583,1190,609,1166,631,1140,645,1114,656
1375,166,-0.0433582,0.19996,0.26531,0.378225,0.203652,1224,524,1215,551,1207,579,1193,606,1170,631,1143,644,1115,651
1376,165,-0.100939,0.0892572,0.218805,0.446861,0.31685,1224,516,1214,543,1207,570,1197,598,1180,625,1153,642,1125,649
1377,160,-0.0450962,0.0790257,0.0509578,0.32363,0.474051,1225,510,1216,536,1208,563,1198,589,1186,616,1164,640,1137,650
1378,161,-0.0114011,0.0328624,0.0454424,0.161588,0.501684,1226,504,1217,530,1208,557,1198,584,1187,610,1170,637,1143,652
1379,157,9.26387e-05,0.0329742,-0.0329742,0.0963811,0.299439,1229,498,1219,524,1209,550,1198,576,1188,602,1175,628,1153,651
1380,160,0.0882841,0.0132723,0.017891,0.0140908,0.198579,1230,490,1222,516,1211,543,1200,569,1188,596,1176,622,1157,648
1381,163,9.26387e-05,0.063426,0.0304064,9.26387e-05,0.130258,1232,486,1222,513,1212,540,1200,567,1187,594,1174,621,1157,647
1382,165,0.0336025,0.0524904,0.0742971,0.0582825,0.089008,1231,479,1223,506,1214,533,1203,561,1190,588,1175,615,1156,643
1383,169,0.032606,9.26536e-05,0.0938009,0.140671,0.141924,1231,472,1223,500,1214,528,1205,556,1193,584,1176,612,1153,640
1384,168,-0.00966313,0.032606,0.0632427,0.117383,0.234741,1231,468,1223,495,1215,523,1206,551,1195,579,1180,607,1156,634
1385,175,-0.0627993,0.0316601,0.0310466,0.145193,0.30796,1232,463,1222,492,1214,521,1205,550,1195,579,1180,608,1153,635
1386,176,-0.0310466,9.26536e-05,9.26536e-05,0.148747,0.317366,1232,461,1222,490,1213,519,1204,548,1195,577,1181,606,1154,634
1387,179,-0.00937079,0.0598953,-0.0504319,0.0794935,0.348256,1233,455,1224,484,1215,514,1204,544,1195,573,1183,603,1158,631
1388,177,-0.0316601,0.0221966,0.04051,0.060188,0.282308,1232,453,1223,482,1215,511,1206,541,1196,570,1184,599,1160,629
1389,176,9.26536e-05,0.0968096,9.26536e-05,0.176332,0.27094,1229,451,1223,480,1217,509,1208,538,1199,567,1184,596,1158,624
1390,185,-0.00413565,0.0627686,0.10018,0.258304,0.350329,1225,445,1221,475,1217,506,1211,537,1202,567,1183,598,1154,621
1391,190,-0.00290434,0.00290434,0.148412,0.280995,0.463881,1222,442,1219,473,1216,505,1213,536,1205,568,1187,599,1155,620
1392,198,-0.12461,0.0902373,0.0296551,0.224807,0.578241,1222,433,1217,465,1216,498,1212,531,1207,564,1194,597,1163,619
1393,197,-0.0943721,0.0300352,0.0336025,0.169787,0.491071,1221,432,1216,464,1214,497,1211,530,1207,562,1197,595,1170,622
1394,194,-0.0924853,0.0618435,-0.0618435,0.122836,0.359423,1221,426,1216,458,1214,490,1210,522,1208,554,1202,586,1182,619
1395,197,-0.0642442,9.26536e-05,0.00272424,0.056802,0.276163,1221,422,1216,454,1213,487,1210,520,1207,552,1202,585,1187,618
1396,194,-0.122836,0.0618435,-0.0307856,9.26536e-05,0.200665,1221,419,1215,451,1213,483,1209,515,1206,547,1203,579,1193,612
1397,199,-0.089101,0.0298711,9.26536e-05,-0.0298711,0.147083,1222,412,1216,445,1213,478,1209,511,1205,544,1202,577,1194,610
1398,207,-0.0288109,-0.00322408,0.00322408,9.26387e-05,0.0525769,1222,403,1217,437,1213,471,1209,506,1205,540,1201,574,1195,609
1399,203,-0.03317,0.0288109,-0.0252959,-0.00342227,9.26387e-05,1223,397,1218,430,1214,464,1209,498,1205,531,1201,565,1197,599
1400,204,-0.03317,0.0288109,-0.0288109,0.0288109,-0.0288109,1223,392,1218,425,1214,459,1209,493,1205,527,1200,561,1196,595
1401,201,-0.0591372,0.0252959,-0.0252959,0.0296551,-0.03317,1224,389,1218,422,1214,455,1209,489,1205,522,1200,555,1196,589
1402,209,-0.0321276,0.0280124,0.00402255,-0.00402255,-0.0280124,1224,377,1219,411,1215,446,1210,481,1205,515,1200,550,1196,585
1403,205,-0.0288109,0.0288109,9.26536e-05,0.0285673,-0.0574708,1224,377,1219,411,1215,445,1210,479,1205,513,1199,547,1195,581
1404,214,-0.0590284,0.0311472,0.023159,0.00453694,-0.0316796,1225,368,1219,403,1215,439,1210,474,1204,510,1198,545,1193,581
1405,215,-0.0590284,0.0272561,0.0316796,0.0221771,-0.0539493,1226,363,1220,398,1216,434,1211,470,1205,505,1198,541,1193,577
1406,213,-0.0562991,0.0795507,0.00453694,0.0275246,-0.0592969,1225,359,1220,394,1217,429,1211,465,1205,500,1198,535,1193,571
1407,211,9.26387e-05,9.26387e-05,0.0277886,0.0275246,-0.0554059,1225,360,1220,395,1215,430,1210,465,1204,500,1197,535,1192,570
1408,216,-0.0590284,0.0543988,9.26536e-05,0.0268067,-0.0268067,1227,349,1221,384,1217,420,1211,456,1205,492,1198,528,1192,564
1409,213,9.26387e-05,-0.00379838,0.0592969,9.26387e-05,-0.0321542,1226,351,1221,386,1216,421,1211,457,1204,492,1197,527,1191,563
1410,217,9.26536e-05,0.02705,0.0268067,9.26536e-05,9.26536e-05,1227,343,1222,379,1217,415,1211,451,1204,487,1197,523,1190,559
1411,226,-0.0557931,0.0820097,-0.00471831,0.0306774,-0.0306774,1229,332,1223,369,1219,407,1212,444,1205,482,1197,519,1190,557
1412,219,9.26536e-05,0.0226641,0.0311926,0.0265283,-0.031597,1228,333,1223,369,1218,405,1212,442,1205,478,1197,514,1190,551
1413,218,9.26536e-05,0.02705,0.0534276,-0.0265283,-0.00497609,1228,331,1223,367,1218,403,1212,439,1204,475,1197,511,1190,548
1414,220,-0.00359193,0.0576339,0.0207977,-0.0207977,-0.00497609,1229,326,1224,362,1219,399,1212,435,1204,472,1197,508,1190,545
1415,225,-0.0263486,0.0730821,-0.0204243,0.0258664,-0.0306774,1231,317,1225,354,1220,391,1212,429,1205,466,1197,503,1190,541
1416,215,-0.00379838,0.0539493,0.00525489,0.0474904,-0.052838,1229,324,1224,359,1219,395,1212,431,1205,466,1196,502,1189,538
1417,214,-0.0311472,0.0866457,0.0211807,0.00594957,-0.0325705,1229,319,1224,354,1220,390,1213,425,1205,461,1197,496,1190,532
1418,221,0.0500129,0.0261239,0.00497609,0.0464687,-0.0255783,1230,311,1226,347,1220,384,1213,421,1206,457,1197,494,1189,531
1419,220,-0.00359193,0.0576339,-0.00497609,0.0579067,-0.0319477,1230,309,1225,345,1220,382,1213,418,1206,455,1197,491,1189,528
1420,220,0.0235716,0.0842549,-0.00563794,0.00563794,-0.00563794,1230,306,1226,342,1221,379,1213,415,1205,452,1197,488,1189,525
1421,217,-0.02705,0.02705,0.0797373,-0.0262171,9.26536e-05,1231,306,1225,342,1220,378,1214,414,1205,450,1197,486,1189,522
1422,217,9.26536e-05,0.0539493,0.0265283,0.0262171,-0.0262171,1231,301,1226,337,1221,373,1214,409,1206,445,1197,481,1189,517
1423,216,-0.00379838,0.0539493,0.0265283,0.0262171,-0.0262171,1231,301,1226,336,1221,372,1214,408,1206,444,1197,480,1189,516
1424,214,0.0241214,0.0866125,-0.00594957,0.00594957,0.0201748,1231,298,1227,333,1222,369,1214,404,1206,440,1198,475,1189,511
1425,217,0.0272561,0.0805703,-0.0265283,0.0788062,-0.0258755,1231,295,1227,331,1222,367,1214,403,1207,439,1197,475,1188,511
1426,209,-0.00240943,0.0562991,0.116781,0.0456473,0.0256938,1229,291,1226,325,1223,360,1218,395,1209,429,1198,464,1186,499
1427,208,-0.000746977,0.0300995,0.138547,0.193119,0.128446,1226,285,1225,319,1224,354,1222,388,1215,423,1201,457,1181,492
1428,214,-0.0839695,0.0839695,0.0544849,0.247063,0.289859,1223,275,1222,310,1224,346,1223,381,1220,417,1208,452,1183,487
1429,211,-0.028471,-0.0284245,0.114069,0.167538,0.328491,1221,274,1221,309,1222,344,1224,379,1222,414,1214,449,1193,483
1430,223,-0.0269278,-0.0268884,0.0809293,0.0805768,0.32291,1220,261,1220,298,1221,335,1223,372,1222,409,1218,446,1201,483
1431,220,-0.0539088,0.0261382,0.027678,0.027678,0.2361,1219,259,1219,295,1221,332,1222,368,1222,405,1221,441,1211,478
1432,219,-0.027678,0.000657534,-0.000657534,0.027678,0.16067,1219,254,1219,290,1220,326,1221,363,1222,399,1222,435,1216,472
1433,219,-0.0554486,0.000657534,0.0269278,-0.0554059,0.0824263,1219,241,1218,277,1219,313,1220,350,1220,386,1222,422,1221,459
1434,217,-0.027678,9.26536e-05,-0.027678,-0.0276352,0.0831765,1220,235,1219,271,1219,307,1219,343,1220,379,1222,415,1221,451
1435,214,-0.0569881,0.028471,-0.028471,-0.0569881,0.0569881,1221,230,1219,265,1219,301,1218,336,1218,372,1220,407,1220,443
1436,218,-0.110819,0.0831765,-0.0554059,-0.027678,0.000657534,1221,217,1218,253,1219,289,1217,325,1217,361,1218,397,1219,434
1437,220,-0.0560281,0.0283854,-0.0283854,-0.0269278,-0.0539088,1222,211,1219,247,1218,284,1216,320,1215,357,1215,393,1217,430
1438,216,-0.00148962,9.26536e-05,9.26536e-05,-0.0554059,9.26536e-05,1222,203,1220,238,1218,274,1216,310,1214,346,1214,382,1214,418
1439,214,-0.0299141,0.00148962,0.0259678,-0.0259678,-0.0847588,1223,198,1220,233,1218,269,1216,304,1213,340,1211,375,1212,411
1440,215,0.0259678,9.26536e-05,0.00227141,-0.0299141,-0.0554059,1223,190,1221,225,1218,261,1215,297,1212,332,1210,368,1210,404
1441,212,-0.0283319,0.0283319,0.0281941,-0.0281941,-0.057642,1224,184,1221,219,1219,254,1216,289,1212,324,1209,359,1208,395
1442,213,9.26536e-05,0.0534838,0.0311472,-0.0280124,-0.0859287,1224,177,1222,212,1220,247,1216,283,1211,318,1207,353,1206,389
1443,209,-0.00158239,0.0283319,0.0604143,0.0236734,-0.112605,1224,171,1222,205,1220,240,1217,275,1212,309,1206,344,1204,379
1444,207,-0.0292599,0.0842961,0.0321276,0.0285673,-0.0607875,1224,167,1222,201,1221,235,1217,270,1212,304,1206,338,1202,373
1445,206,-0.0293106,0.117016,0.0288109,0.0569403,-0.0331743,1223,161,1222,195,1222,229,1218,263,1213,297,1206,331,1200,366
1446,209,-0.0293106,0.0854126,0.0315108,0.10751,-0.027223,1223,152,1222,186,1222,221,1219,256,1215,290,1207,325,1200,360
1447,206,-0.0293106,0.0879147,9.26536e-05,0.0865722,0.103535,1223,148,1222,182,1222,216,1219,250,1216,284,1210,318,1200,353
1448,204,0.0293106,9.26325e-05,0.0292599,0.144197,0.055633,1222,142,1222,175,1221,209,1220,243,1218,277,1211,311,1202,345
1449,208,-0.0293106,0.0293106,0.0275848,0.0888388,0.105585,1222,137,1221,171,1221,206,1220,240,1218,275,1213,309,1204,344
1450,206,-0.0293106,0.0293106,9.26325e-05,0.0585114,0.16359,1222,131,1221,165,1221,199,1220,233,1219,267,1216,301,1207,336
1451,203,-0.000797818,9.26325e-05,-0.0293106,0.0586632,0.115824,1222,127,1221,160,1220,194,1219,228,1219,261,1217,295,1211,329
1452,210,-0.0293106,0.028471,9.26325e-05,0.0284245,0.0847236,1222,117,1221,151,1221,186,1220,221,1219,256,1217,291,1212,326
1453,205,-0.0293106,9.26536e-05,0.0293106,9.26325e-05,0.0876128,1221,115,1220,149,1220,183,1220,217,1219,251,1218,285,1214,319
1454,203,0.0293106,9.26325e-05,-0.0293106,0.0293106,0.0585114,1221,111,1221,144,1220,178,1219,212,1219,245,1218,279,1215,313
1455,203,-0.000797818,-0.0293106,0.0302011,-0.000797818,0.0292599,1221,106,1220,139,1219,173,1219,207,1218,240,1217,274,1215,308
1456,202,-0.0302011,0.0604394,-0.0604394,0.0302011,0.0283694,1221,102,1220,135,1220,169,1218,202,1218,236,1217,269,1215,303
1457,201,-0.0301456,-0.0302011,0.0302011,0.0301456,-0.0310361,1222,99,1220,132,1219,165,1219,199,1218,232,1216,265,1215,299
1458,192,-0.0643342,0.0623262,-0.0310863,9.26536e-05,9.26536e-05,1222,95,1220,126,1220,158,1218,190,1217,222,1216,254,1215,286
1459,197,-0.00085342,9.26536e-05,0.00085342,0.0291995,-0.0301456,1221,90,1220,122,1219,155,1218,188,1217,220,1215,253,1214,286
1460,201,9.26536e-05,-0.000797818,0.000797818,0.0301456,-0.0310361,1221,82,1220,115,1219,148,1218,182,1217,215,1215,248,1214,282
1461,193,9.26536e-05,9.26536e-05,0.0310863,9.26387e-05,-0.0310863,1221,83,1220,115,1219,147,1218,179,1216,211,1214,243,1213,275
1462,191,-0.000914395,9.26536e-05,0.0330944,-0.00191538,9.26387e-05,1221,79,1220,110,1219,142,1218,174,1216,205,1214,237,1212,269
1463,193,9.26536e-05,0.0310863,9.26387e-05,0.0309653,-0.0621443,1222,76,1221,108,1220,140,1218,172,1216,204,1213,236,1212,268
1464,197,0.0311472,0.0905672,0.00272424,-0.00272424,-0.0300352,1221,71,1222,103,1222,136,1219,169,1216,201,1213,234,1211,267
1465,195,0.0623262,0.0604394,0.0637303,0.0305491,-0.0642442,1221,69,1223,101,1223,133,1221,166,1217,198,1212,230,1209,263
1466,193,0.0933841,0.0623262,0.0309653,0.121788,-0.121788,1221,66,1224,98,1224,130,1222,162,1219,194,1212,226,1209,258
1467,196,0.0933841,0.0311472,0.0892912,0.0646316,-0.0348839,1221,64,1224,96,1224,129,1223,161,1219,194,1213,226,1208,259
1468,194,0.0621443,0.062387,0.0930225,0.0609003,-0.0054018,1221,62,1224,94,1225,126,1224,158,1220,190,1214,222,1208,255
1469,195,0.0310863,0.0614409,0.0939686,0.0305491,0.0539335,1222,61,1224,93,1225,125,1224,158,1220,190,1215,222,1208,255
1470,195,0.0621443,0.0614409,0.0630904,0.0917785,-0.0054018,1221,57,1224,89,1225,121,1224,154,1221,186,1215,218,1209,251
1471,191,0.0651413,0.062387,0.0651413,0.0584303,0.0302586,1221,59,1224,90,1225,122,1224,154,1221,185,1216,217,1210,249
1472,193,0.0621443,0.062387,0.0621443,0.0307856,0.0909101,1221,57,1224,89,1225,121,1224,153,1221,185,1217,217,1210,249
1473,195,0.0621443,0.0311472,0.0623262,0.0618435,0.0845753,1220,51,1223,83,1224,115,1224,148,1222,180,1218,212,1211,245
1474,190,0.0969907,0.0633941,0.0300793,0.0974017,0.0253422,1220,53,1224,84,1225,116,1224,147,1222,179,1217,210,1211,242
1475,189,0.157562,0.0643342,0.0963811,0.094618,0.0537015,1217,50,1224,81,1226,112,1226,144,1223,175,1217,206,1209,238
1476,185,0.193335,0.0959837,0.131823,0.152793,0.0593952,1213,50,1223,80,1227,111,1228,142,1225,172,1217,203,1207,234
1477,177,0.18823,0.137357,0.135332,0.200218,0.139648,1209,51,1221,80,1227,109,1229,139,1227,168,1219,197,1206,227
1478,175,0.12308,0.165993,0.137458,0.202287,0.240404,1206,51,1218,80,1226,109,1229,138,1228,167,1221,196,1206,225
1479,177,0.120406,0.135679,0.165056,0.203925,0.285847,1202,50,1215,79,1224,108,1229,138,1229,167,1223,196,1207,226
1480,176,0.117607,0.161232,0.136173,0.171443,0.271749,1199,50,1213,79,1223,108,1228,137,1229,166,1225,195,1212,225
1481,178,0.15821,0.0545154,0.137087,0.168432,0.282496,1196,47,1210,76,1219,106,1226,135,1229,165,1227,194,1216,224
1482,181,0.114784,0.0610555,0.160841,0.132897,0.267507,1194,45,1208,75,1218,105,1226,135,1229,165,1228,195,1219,224
1483,178,0.0698818,0.0821846,0.136523,0.132459,0.197303,1193,47,1206,76,1217,106,1225,135,1229,165,1229,194,1223,224
1484,174,0.101011,0.0932841,0.0983396,0.101786,0.20583,1191,47,1205,75,1216,104,1224,133,1229,162,1231,191,1227,220
1485,173,0.129172,0.0615313,0.124119,0.10776,0.171845,1189,48,1204,76,1215,105,1224,134,1229,162,1231,191,1228,220
1486,172,0.153222,0.0812492,0.14017,0.0993351,0.140071,1186,47,1203,75,1215,104,1224,132,1229,161,1231,189,1229,218
1487,171,0.173809,0.131495,0.19007,0.141804,0.0687638,1182,48,1202,75,1216,103,1226,132,1230,160,1230,188,1228,217
1488,164,0.162236,0.240078,0.17458,0.184006,0.104784,1178,51,1201,77,1218,104,1227,131,1231,158,1230,185,1226,213
1489,165,0.116018,0.20056,0.257721,0.146986,0.244886,1176,52,1198,77,1216,103,1228,131,1232,158,1232,185,1225,213
1490,166,0.0610184,0.159104,0.267166,0.173981,0.213636,1171,48,1192,73,1212,100,1226,127,1232,155,1233,182,1228,210
1491,157,0.0123291,0.137045,0.126675,0.290309,0.115122,1170,47,1188,71,1207,97,1221,123,1231,149,1233,175,1232,201
1492,148,0.0185968,0.0411461,0.0804618,0.202449,0.204907,1169,44,1185,68,1201,93,1215,117,1227,142,1233,166,1234,191
1493,148,0.057605,0.0304322,0.113475,0.0926637,0.241828,1167,43,1184,67,1199,91,1213,115,1224,140,1232,164,1234,189
1494,145,0.143565,0.0186217,0.0643342,0.104784,0.234323,1163,43,1182,66,1196,89,1210,113,1222,137,1231,161,1234,185
1495,140,0.145536,0.0198477,0.100591,0.111276,0.129249,1162,44,1181,66,1195,88,1209,111,1220,134,1228,157,1233,181
1496,145,0.095968,0.0881298,0.0982195,0.070899,0.153283,1158,42,1177,64,1194,88,1208,112,1219,136,1228,160,1233,184
1497,148,0.135647,0.0653311,0.110987,0.125677,0.0861129,1154,41,1173,61,1191,86,1206,110,1218,135,1226,159,1232,184
1498,145,0.169009,0.057605,0.0948591,0.218576,9.26536e-05,1153,42,1174,63,1191,87,1206,111,1218,135,1224,159,1230,183
1499,143,0.172049,0.108341,0.0818762,0.201034,-0.0387228,1152,44,1174,65,1191,88,1205,112,1216,135,1222,159,1229,183
1500,147,0.121259,0.123534,0.110565,0.145876,0.0106928,1148,41,1170,63,1188,86,1203,111,1214,135,1221,159,1228,184
1501,154,0.13495,0.134229,0.107919,0.159306,0.00992132,1145,40,1166,60,1186,85,1201,110,1213,136,1220,161,1227,187
1502,149,0.140052,0.100233,0.139458,0.119967,0.0740653,1144,41,1165,61,1184,85,1200,110,1211,134,1219,159,1225,184
1503,152,0.109897,0.129254,0.154714,0.141406,0.0461172,1141,40,1163,61,1184,86,1200,111,1211,136,1218,161,1224,187
1504,152,0.16325,0.0723696,0.182577,0.141406,0.0461172,1141,42,1163,62,1182,86,1199,111,1210,136,1217,161,1223,187
1505,145,0.0908609,0.130735,0.124262,0.179761,0.0783061,1139,42,1160,62,1181,86,1197,110,1209,134,1216,158,1221,182
1506,157,0.0951665,0.107391,0.191955,0.165056,0.0716074,1131,39,1153,58,1175,81,1195,107,1208,133,1216,159,1222,185
1507,148,0.0677437,0.0983535,0.163889,0.195633,0.0481565,1134,41,1155,61,1177,85,1195,109,1208,134,1215,158,1221,183
1508,147,0.069716,0.0900118,0.153355,0.17458,0.0861129,1133,41,1154,61,1175,84,1194,109,1207,133,1215,157,1221,182
1509,153,0.0685822,0.103374,0.0959961,0.194771,0.118664,1131,40,1153,61,1174,84,1191,107,1206,132,1215,157,1221,183
1510,148,0.113609,0.0780611,0.0740953,0.174429,0.159153,1128,39,1149,58,1171,83,1189,107,1205,132,1215,156,1221,181
1511,148,0.133305,0.105265,0.0468911,0.174429,0.159153,1127,39,1150,59,1172,84,1189,108,1205,133,1215,157,1221,182
1512,155,0.19226,0.106358,0.145115,0.177151,0.0701569,1123,39,1147,56,1168,78,1188,104,1202,129,1211,155,1218,181
1513,158,0.180707,0.240267,0.191955,0.20056,0.0797913,1117,40,1143,54,1168,74,1188,100,1201,126,1208,152,1213,179
1514,167,0.06721,0.23965,0.336582,0.271922,0.105309,1110,40,1137,54,1165,71,1191,97,1204,124,1209,152,1211,180
1515,169,0.011955,0.164471,0.352039,0.323769,0.211001,1107,40,1134,55,1162,71,1189,93,1205,120,1211,148,1211,176
1516,159,0.057621,0.0614597,0.258836,0.400068,0.187749,1104,39,1130,53,1156,69,1183,88,1204,113,1212,139,1215,166
1517,155,-0.0175656,0.0273266,0.229483,0.329646,0.279666,1103,38,1128,54,1154,70,1180,87,1201,109,1213,135,1217,161
1518,147,9.26536e-05,0.141472,0.0250067,0.190236,0.340081,1096,35,1120,49,1144,63,1168,82,1192,102,1210,124,1219,149
1519,139,0.0322449,0.0896267,0.0791427,0.0695619,0.270854,1093,34,1116,47,1139,61,1162,78,1185,98,1206,119,1219,142
1520,148,0.015779,0.136685,0.10244,0.0908609,0.172917,1085,33,1109,45,1134,58,1158,75,1182,96,1202,117,1218,141
1521,154,0.0215256,0.202047,0.172541,0.13831,0.167075,1080,36,1105,45,1131,55,1156,71,1180,93,1199,116,1214,142
1522,163,0.0342887,0.190204,0.24321,0.279736,0.182345,1075,39,1102,46,1129,54,1156,68,1181,90,1197,115,1208,142
1523,182,-0.0639906,0.186203,0.244662,0.458956,0.203414,1061,40,1091,47,1121,52,1151,63,1179,82,1196,112,1206,143
1524,187,-0.0311787,0.0925485,0.171547,0.519766,0.344095,1050,41,1081,47,1112,52,1143,60,1174,74,1195,103,1204,134
1525,169,-0.0691036,0.0691036,0.131838,0.421008,0.432245,1057,44,1085,50,1113,54,1141,60,1169,70,1193,93,1204,121
1526,176,-0.0331901,0.0331901,0.0650569,0.286234,0.578583,1047,43,1076,49,1105,54,1134,60,1163,68,1192,86,1206,116
1527,169,-0.0691036,0.0347191,0.101498,0.156278,0.504954,1046,44,1074,50,1102,54,1130,59,1158,67,1186,80,1205,106
1528,173,-0.10782,0.0996899,-0.0256628,0.151358,0.402356,1037,42,1065,49,1094,53,1123,60,1151,66,1180,77,1205,101
1529,179,-0.0716074,0.0321542,0.0393605,0.0545154,0.357446,1028,41,1057,48,1087,53,1117,59,1146,66,1176,75,1205,97
1530,185,-0.0692262,0.0620761,0.00705738,0.0532304,0.218956,1017,39,1047,46,1078,51,1109,58,1139,65,1170,74,1201,91
1531,176,-0.0327381,9.26536e-05,9.26536e-05,0.127949,0.0767557,1022,40,1051,47,1080,53,1109,59,1138,65,1167,75,1197,88
1532,181,-0.0639906,0.0639906,9.26536e-05,0.0621322,0.0889569,1014,39,1044,46,1074,51,1104,58,1134,65,1164,74,1194,86
1533,191,-0.0671137,0.0299171,0.00663155,0.0519929,0.0845106,1004,37,1035,45,1067,51,1099,58,1130,65,1162,74,1194,86
1534,182,-0.0317437,0.0317437,9.26536e-05,0.0621322,0.0204927,1005,38,1035,45,1065,51,1095,58,1125,65,1155,74,1186,84
1535,186,-0.0379548,0.0308048,0.0303797,0.029908,0.0293945,1000,37,1030,44,1061,50,1092,57,1123,65,1154,74,1185,84
1536,192,-0.0671137,0.0595381,9.26536e-05,0.0290961,0.0286248,992,35,1023,43,1055,49,1087,57,1119,65,1151,74,1183,84
1537,193,-0.0295283,9.26536e-05,0.0295283,0.0290961,0.0286248,990,35,1022,43,1054,50,1086,57,1118,65,1150,74,1182,84
1538,195,-0.0295283,-0.0062421,0.0358631,0.0578136,-0.00855765,985,34,1017,42,1049,49,1082,56,1114,64,1146,74,1179,84
1539,201,9.26536e-05,0.0496553,-0.0208423,0.056306,-0.00809047,972,32,1005,39,1038,46,1072,55,1105,63,1138,73,1172,83
1540,193,9.26536e-05,0.0295283,9.26536e-05,0.0578136,-0.0286248,976,33,1008,40,1040,47,1072,55,1104,63,1136,73,1168,82
1541,194,-0.0295283,0.0295283,9.26536e-05,0.0290961,0.0199745,972,32,1004,40,1036,47,1068,55,1100,63,1132,72,1165,82
1542,205,-0.0279528,0.055633,-0.0275876,0.0817179,-0.0267571,961,30,995,38,1029,45,1063,54,1097,62,1131,73,1165,83
1543,206,-0.0279528,0.055633,9.26387e-05,0.0271879,-0.00765913,956,29,990,37,1024,44,1058,53,1092,62,1126,72,1161,82
1544,197,-0.0062421,0.0571365,-0.0211807,0.0491632,9.26536e-05,961,31,993,38,1026,45,1059,54,1091,62,1124,72,1157,82
1545,203,0.0219751,9.26536e-05,0.0350687,0.0197067,9.26536e-05,954,30,987,37,1021,45,1055,53,1088,62,1122,72,1156,82
1546,205,-0.0279528,0.055633,9.26387e-05,0.0271879,0.0267571,946,28,980,36,1014,43,1048,52,1082,61,1116,71,1150,82
1547,204,0.0219751,9.26536e-05,0.0275876,0.0540377,-0.0267571,947,29,980,36,1014,44,1048,52,1082,61,1116,72,1150,82
1548,210,-0.00628685,9.26536e-05,0.0534958,9.26536e-05,0.0261186,940,27,974,35,1009,43,1044,51,1079,61,1114,71,1149,82
1549,209,0.0215733,9.26536e-05,0.0339671,0.0456473,0.0256938,936,27,970,34,1005,42,1040,50,1074,59,1109,70,1144,82
1550,203,-0.0346981,0.055633,0.0073885,0.0197067,0.0267571,938,27,971,35,1005,42,1039,51,1072,60,1106,70,1140,81
1551,203,-0.0346981,0.0279528,0.0630512,-0.00809047,0.0267571,936,27,969,35,1003,42,1037,50,1070,60,1104,70,1138,81
1552,201,9.26536e-05,0.0496553,0.0073885,9.26387e-05,0.0729479,932,27,965,34,998,41,1032,50,1065,59,1098,68,1132,80
1553,208,-0.005557,0.0336025,0.0471163,0.00765913,0.0441533,927,27,961,34,996,41,1030,49,1065,59,1099,69,1134,81
1554,213,0.0280124,0.0766792,0.0857493,0.0510323,-0.00900437,918,29,953,33,988,38,1024,46,1059,57,1094,70,1130,83
1555,207,0.0292599,0.0830486,0.144062,0.129348,0.081758,914,34,948,35,982,37,1017,42,1051,52,1085,67,1120,86
1556,196,0.00085342,0.123678,0.115454,0.203295,0.216293,917,39,949,38,982,37,1014,40,1047,47,1079,61,1112,85
1557,199,-0.0300352,0.0905672,0.120531,0.228055,0.329799,910,43,943,41,976,38,1009,38,1042,42,1075,54,1106,79
1558,209,-0.025692,0.0566186,0.115744,0.165863,0.403992,900,47,934,44,969,40,1004,38,1038,40,1073,48,1106,72
1559,207,-0.0582603,0.0315108,0.0854126,0.14592,0.328906,897,48,931,46,965,42,1000,39,1034,39,1068,44,1103,62
1560,213,-0.0566186,0.00304213,0.0820009,0.0855518,0.264577,890,50,925,48,960,44,996,40,1031,39,1066,41,1102,53
1561,216,-0.197303,-0.0554059,-0.0550661,-0.0272561,0.0824149,1095,46,1060,39,1024,39,988,41,952,45,916,50,880,52
1562,216,-0.14147,-0.0827939,9.26325e-05,9.26325e-05,0.0827939,1089,42,1054,38,1018,39,982,43,946,47,910,51,874,52
1563,215,-0.111612,-0.0274233,0.0250593,-0.0250593,0.0827939,1080,39,1045,38,1009,41,973,45,938,48,902,52,866,53
1564,217,-0.137913,0.0547721,-0.0274233,0.0274233,0.0830486,1072,38,1036,38,1000,43,964,46,928,50,892,53,856,53
1565,217,-0.0824149,0.0547721,9.26536e-05,0.0275501,0.0276352,1064,38,1028,40,992,45,956,48,920,51,884,53,848,54
1566,224,-0.0802273,0.0533247,9.26536e-05,9.26536e-05,0.0808114,1059,39,1022,41,985,46,948,49,911,52,874,55,836,55
1567,214,-0.0534838,0.0250593,0.00227141,0.0259678,0.0569881,1047,41,1012,43,976,47,941,50,905,53,870,55,834,55
1568,219,9.26536e-05,0.00214448,-0.00214448,0.0275501,0.0554059,1045,42,1009,45,973,48,936,51,900,54,864,56,827,56
1569,214,0.0305581,0.0259678,0.00148962,-0.0299141,0.0854126,1036,43,1001,47,965,50,930,52,894,54,859,57,823,57
1570,219,-0.0550661,0.0565631,-0.00140435,9.26536e-05,0.0554059,1033,45,997,47,961,51,924,53,888,55,852,57,815,57
1571,221,0.00214448,0.0268099,-0.00140435,0.00140435,0.0809293,1024,46,988,49,951,52,914,54,878,56,841,58,804,57
1572,227,0.0550142,9.26536e-05,0.02547,-0.02547,0.0524904,1020,47,983,51,945,53,907,55,870,56,832,58,794,58
1573,221,0.0290471,0.0268884,-0.0283854,0.00140435,0.0809293,1011,49,975,52,938,54,901,55,865,57,828,59,791,58
1574,242,0.0248088,0.0248709,-0.0248709,-0.0248088,0.0747672,1013,49,973,52,933,54,893,55,853,57,813,60,772,60
1575,226,0.00132579,0.0524904,-0.0786913,0.0516709,0.000618078,1008,51,971,53,933,55,896,55,858,58,821,59,783,60
1576,227,0.000618078,0.0262171,-0.0808114,0.0282284,9.26536e-05,1005,53,968,54,930,55,892,55,855,58,817,60,779,62
1577,234,0.0518525,-0.0511782,-0.0764787,0.0253422,0.0254421,998,54,960,55,921,54,882,55,843,59,804,62,765,64
1578,234,0.0255428,-0.0511782,-0.0764787,0.0253422,0.0254421,998,55,960,55,921,54,882,55,843,59,804,62,765,64
1579,230,0.0788001,-0.0788001,-0.0784746,9.26536e-05,0.0535471,994,55,956,56,918,54,880,55,842,59,804,63,765,65
1580,221,-0.000657534,-0.0809293,-0.0565631,0.0028747,0.0535957,986,56,950,55,913,54,876,56,840,60,803,64,766,66
1581,223,-0.0809293,-0.0268884,-0.0802273,0.0265389,0.0535957,983,55,946,53,909,54,872,56,835,61,798,65,761,67
1582,225,-0.0539482,-0.0777638,-0.00272028,9.26536e-05,0.0812875,980,54,943,53,906,54,868,58,831,62,794,66,756,67
1583,225,-0.0539088,-0.0507828,-0.00272028,9.26536e-05,0.0812875,974,53,937,53,900,55,862,59,825,63,788,67,750,68
1584,225,-0.053791,-0.0238802,-0.00272028,0.0266931,0.0545017,971,52,934,53,897,56,859,60,822,64,785,67,747,68
1585,234,-0.0758043,9.26387e-05,-0.0252102,0.0761797,0.0511445,968,52,930,53,891,57,852,61,813,66,774,68,735,68
1586,233,-0.0486329,0.0252102,0.0233301,0.0274541,0.0511445,963,51,925,54,886,59,847,63,809,66,770,68,731,68
1587,223,-0.0265389,0.0265389,0.0535957,9.26536e-05,0.0268884,959,51,922,55,885,60,848,64,811,66,774,68,737,69
1588,220,-0.0235716,0.0235716,0.0565631,-0.00140435,0.0554059,952,52,916,56,879,61,843,65,806,67,770,69,733,69
1589,230,9.26387e-05,0.0519508,9.26387e-05,0.0523816,0.0262171,950,52,912,57,874,62,836,65,798,68,760,69,721,69
1590,224,9.26387e-05,0.0533247,0.0268099,9.26536e-05,0.0802186,949,53,912,58,875,63,838,66,801,68,764,70,726,69
1591,237,0.05035,0.0272542,0.02353,0.0255091,0.0255428,946,54,907,60,868,64,828,67,789,69,750,70,710,70
1592,225,0.079766,0.0282284,-0.00132579,9.26536e-05,0.0802186,939,56,902,62,865,65,827,67,790,69,753,71,715,70
1593,235,0.100732,0.0254421,0.0255091,0.0255428,0.0255428,936,57,897,64,858,67,819,69,780,70,741,70,702,69
1594,235,0.10132,9.26536e-05,0.0255091,9.26536e-05,0.0511782,933,59,894,65,855,67,816,69,777,70,738,71,699,70
1595,229,0.103926,0.0261807,9.26536e-05,9.26536e-05,0.0525268,933,60,895,66,857,68,819,69,781,70,743,71,705,70
1596,231,0.0260003,0.0530559,0.0255428,-0.0262171,0.0518525,930,62,892,66,854,69,815,70,777,70,739,71,700,70
1597,234,0.105099,9.26536e-05,0.0511782,-0.0511782,0.0511782,923,64,885,69,846,70,807,71,768,70,729,71,690,70
1598,233,0.105099,0.0255428,9.26536e-05,9.26536e-05,0.0255428,922,65,884,70,845,71,806,71,768,71,729,71,690,70
1599,227,0.0812875,0.0525268,-0.0262171,9.26536e-05,9.26536e-05,916,67,879,71,841,72,803,71,766,71,728,71,690,71
1600,227,0.107597,9.26536e-05,0.0269278,-0.0269278,0.0262171,914,68,877,72,839,72,801,72,764,71,726,71,688,70
1601,234,0.104784,9.26536e-05,0.0255428,-0.0255428,0.0511445,912,69,874,73,835,73,796,73,757,72,718,72,679,70
1602,232,-0.0524904,0.0262171,-0.000581655,-0.0255428,-0.0766792,678,70,716,72,755,72,793,73,832,74,870,74,909,71
1603,238,-0.0511445,0.0255428,-0.000547961,0.000547961,-0.125211,674,70,713,72,753,72,792,73,832,74,871,75,911,71
1604,239,-0.0511445,0.0498657,-0.0242303,-0.000547961,-0.099762,669,70,708,72,748,72,788,74,827,75,867,76,907,73
1605,232,-0.026855,0.000581655,-0.000581655,0.000581655,-0.0774542,673,70,711,72,750,73,788,74,827,75,865,76,904,74
1606,235,9.26536e-05,-0.0511445,0.0511445,-0.0255091,-0.0767799,664,70,703,72,742,74,781,74,820,76,859,77,898,75
1607,233,-0.026855,0.0255091,0.00125324,-0.026855,-0.0511782,665,70,703,72,742,73,781,75,819,77,858,78,897,77
1608,233,-0.00125324,9.26536e-05,-0.0248348,0.0248348,-0.0767799,663,70,701,72,740,74,779,76,817,77,856,79,895,78
1609,234,-0.026855,9.26536e-05,0.0510438,-0.0254421,-0.0511445,659,71,697,73,736,74,775,75,814,78,853,80,892,80
1610,229,-0.0524904,0.0788001,0.0523816,0.103292,-0.103292,657,74,695,74,733,72,771,73,809,76,847,83,885,86
1611,226,-0.0516709,-0.00202748,0.133395,0.160263,0.0928479,654,77,691,76,729,73,766,70,804,72,841,80,879,92
1612,222,-0.107597,-0.0265389,0.107208,0.187691,0.200874,649,79,685,79,722,75,759,70,796,69,833,75,870,89
1613,223,-0.313528,-0.16067,9.26387e-05,0.079766,0.134813,861,79,824,67,787,67,750,73,713,79,676,82,639,80
1614,225,-0.241574,-0.126499,0.0466408,0.079766,0.185688,861,70,824,64,787,67,749,75,712,81,675,84,637,80
1615,227,-0.232464,0.0249681,0.0997137,0.0812875,0.182819,851,63,814,63,776,72,738,80,701,84,663,85,625,79
1616,229,-0.0995109,0.0995109,0.129493,0.105073,0.103926,842,59,804,66,766,77,728,84,690,86,652,84,614,78
1617,230,0.0243555,0.126404,0.104425,0.105001,0.0987196,836,60,798,71,760,81,722,86,684,87,646,84,607,77
1618,234,0.12721,0.100022,0.127749,0.101781,0.0747194,827,64,789,77,750,85,711,89,672,88,633,83,594,75
1619,229,0.125077,0.0777253,0.183568,9.26536e-05,0.102527,818,71,780,82,742,88,704,91,666,87,628,83,590,75
1620,227,-0.0562438,-0.0516323,-0.131805,-0.0777638,-0.152354,583,74,620,82,658,88,696,92,733,91,771,87,809,77
1621,231,-0.0252353,-0.0545661,-0.101107,-0.105001,-0.147922,576,73,614,81,652,88,691,93,729,94,767,91,806,82
1622,226,-0.0563484,-0.0477542,-0.0816457,-0.0524904,-0.182076,570,72,607,81,645,88,682,93,720,95,757,95,795,88
1623,228,-0.0310204,-0.0765762,-0.0258578,-0.0784746,-0.182819,562,71,599,80,637,88,675,93,713,97,751,98,789,92
1624,228,-0.0817028,-0.0254738,-0.0256818,-0.0781517,-0.157367,556,70,593,80,631,87,669,93,707,98,745,100,783,96
1625,227,-0.00595973,-0.0758624,0.00406821,-0.0818861,-0.131274,548,69,585,78,623,87,661,93,698,99,736,102,774,100
1626,227,-0.0813865,9.26387e-05,-0.0730821,-0.00340139,-0.157044,543,67,580,78,618,86,656,94,693,99,731,104,769,103
1627,234,-0.00566544,-0.0243846,-0.0495796,-0.0250471,-0.0761797,532,67,570,76,609,85,648,93,687,99,726,104,765,106
1628,231,-0.0246741,-0.0301427,-0.0200607,-0.0254738,-0.105272,529,66,567,76,605,85,644,93,682,100,720,106,759,108
1629,226,-0.0313141,-0.0195259,-0.0306774,0.00471831,-0.108103,524,65,561,75,599,84,636,92,674,99,711,106,749,109
1630,229,9.26536e-05,-0.0497348,9.26387e-05,-0.0252353,-0.0771987,519,64,557,74,595,84,633,92,671,100,709,107,747,111
1631,221,-0.0324894,-0.0509327,-0.0207977,-0.00497609,-0.0261239,517,63,553,74,590,84,627,92,663,99,700,106,737,112
1632,226,-0.00654736,-0.0186217,-0.0310204,-0.0204243,-0.00471831,508,62,545,72,583,82,620,91,658,99,695,106,733,113
1633,225,9.26536e-05,-0.0563748,0.00534947,9.26536e-05,-0.00534947,500,61,537,71,574,81,612,89,649,97,686,105,724,113
1634,220,-0.0578438,0.00627669,-0.0319477,0.00563794,-0.00563794,499,60,535,71,572,80,608,89,645,97,681,105,718,113
1635,224,0.024919,-0.0759444,0.0255783,-0.0255783,-0.00534947,492,59,529,69,566,80,603,88,640,97,677,105,715,113
1636,230,0.0246741,9.26536e-05,-0.0246741,-0.0249681,0.0434138,480,58,518,67,556,77,594,87,632,96,670,104,709,114
1637,219,9.26325e-05,-0.00689047,-0.0452021,9.26536e-05,0.0198477,485,58,521,68,557,78,594,88,630,96,666,104,703,113
1638,221,0.0179359,-0.0502734,0.00627669,-0.0319477,0.0255783,480,57,516,67,553,78,590,87,626,96,663,104,700,113
1639,222,-0.0324894,-0.0252617,9.26536e-05,9.26536e-05,9.26536e-05,476,56,512,67,549,77,586,86,623,95,660,104,697,113
1640,221,-0.0576942,9.26536e-05,-0.0452021,-0.00563794,0.0509327,474,55,510,67,547,77,584,87,620,95,657,103,694,113
1641,219,-0.0255063,-0.00689047,-0.0452021,9.26536e-05,0.0702138,470,55,506,66,542,76,579,86,615,94,651,102,688,113
1642,219,9.26536e-05,-0.0578438,-0.0198477,0.0262171,0.0188924,466,54,502,65,538,76,575,85,611,93,647,102,684,112
1643,223,9.26536e-05,9.26536e-05,-0.0252617,9.26536e-05,0.0252617,456,53,493,63,530,73,567,83,604,92,641,101,678,111
1644,216,0.0447632,-0.0255063,-0.0258755,-0.0262171,0.0521853,457,53,492,62,528,73,564,83,600,92,636,100,672,110
1645,224,9.26536e-05,-0.0502734,0.0252617,-0.0252617,0.0186217,450,51,487,62,524,73,561,82,598,92,635,101,673,111
1646,221,0.0179359,-0.024919,-0.0188924,-0.00627669,0.0252617,448,51,484,61,521,72,558,82,594,91,631,100,668,110
1647,218,-0.0255063,9.26325e-05,-0.0521853,0.0262171,0.0439041,445,50,481,61,517,71,553,81,589,89,625,98,662,109
1648,222,0.0179359,-0.024919,-0.0252617,9.26536e-05,0.0252617,441,50,477,60,514,71,551,81,588,90,625,99,662,109
1649,219,0.0255063,-0.0324894,-0.0452021,0.0262171,0.0439041,437,49,473,59,509,70,546,80,582,88,618,97,655,108
1650,217,-0.0255063,0.0255063,-0.0777842,0.0262171,0.0514745,436,48,472,59,508,69,544,80,580,88,616,97,652,108
1651,220,0.0179359,-0.0179359,-0.0322449,-0.0198477,0.0948591,431,48,467,58,504,69,540,79,577,88,613,96,650,108
1652,221,0.0439041,-0.024919,0.00689047,-0.0322449,0.0502734,425,47,461,56,498,67,535,77,571,87,608,96,645,107
1653,217,0.0255063,-0.0255063,-0.0258755,9.26536e-05,0.0514745,425,46,461,56,497,67,533,77,569,86,605,95,641,106
1654,221,0.0439041,-0.024919,0.00689047,-0.0322449,0.0502734,419,46,455,55,492,66,529,76,565,86,602,95,639,106
1655,215,-0.00726016,9.26325e-05,0.00726016,-0.0595381,0.0777842,418,45,453,55,489,65,525,75,560,85,596,93,632,104
1656,215,-0.00726016,9.26325e-05,-0.0191642,0.0191642,9.26325e-05,418,45,453,55,489,65,525,75,560,84,596,94,632,104
1657,230,0.0484625,-0.0484625,9.26536e-05,-0.0246741,0.0658493,401,41,439,51,477,63,515,73,553,83,591,92,630,104
1658,222,0.0702138,-0.024919,9.26536e-05,9.26536e-05,0.024919,407,44,443,52,480,63,517,73,554,83,591,93,628,104
1659,221,0.0425811,-0.0495643,-0.0452021,0.0198477,0.0502734,405,42,441,52,478,64,515,74,551,82,588,91,625,102
1660,209,-0.010008,-0.128724,-0.0485521,-0.0610555,0.0554059,409,39,443,53,478,67,513,76,547,83,582,88,617,95
1661,210,0.0131933,-0.0730495,-0.158148,-0.140222,-0.0284245,405,35,439,50,474,66,509,79,544,86,579,88,614,89
1662,207,0.0237124,-0.0586632,-0.146028,-0.229275,-0.0863914,403,32,437,48,471,65,506,80,540,89,574,90,609,88
1663,205,9.26536e-05,0.0237124,-0.124262,-0.193188,-0.233927,399,30,433,46,467,62,501,79,535,91,569,96,603,93
1664,203,0.0644791,0.0237124,-0.0121019,-0.165309,-0.256555,390,28,423,41,457,57,491,74,524,90,558,100,592,101
1665,204,0.0644791,0.0237124,9.26536e-05,-0.0983535,-0.219097,386,26,419,39,453,55,487,72,521,89,555,102,589,107
1666,204,0.0666284,0.0242578,0.0237124,9.26536e-05,-0.177504,379,25,412,37,446,52,480,68,514,85,548,102,582,112
1667,203,0.0962798,-0.0253129,0.134053,0.0322847,-0.141024,371,25,404,35,438,49,472,62,505,80,539,100,573,114
1668,200,0.0278899,0.0809436,0.123983,0.0672898,-0.0797373,369,27,402,36,435,46,468,59,501,77,534,98,568,116
1669,203,0.0219751,0.108109,0.0872422,0.126574,0.0413723,360,29,393,36,427,44,461,56,494,71,528,92,562,115
1670,207,-0.0569403,0.105585,0.138824,0.162595,0.0994597,354,31,388,38,422,43,457,52,491,66,525,87,559,113
1671,210,-0.0610555,0.0277886,0.081819,0.223228,0.231096,345,32,379,39,414,44,449,50,484,59,519,77,553,106
1672,214,-0.0316796,0.00379838,0.0500583,0.163495,0.333196,339,34,374,40,410,45,445,50,481,57,516,70,550,98
1673,213,-0.0554059,-0.0586632,0.0586632,0.1097,0.316742,335,35,370,42,405,47,441,50,476,55,511,64,547,87
1674,215,-0.113961,9.26325e-05,-0.0250593,0.10645,0.271507,330,35,365,43,401,47,437,51,472,54,508,61,544,79
1675,228,-0.0302847,-0.0516323,-0.0260003,0.0260003,0.293553,318,35,355,42,393,48,431,52,469,55,507,59,545,75
1676,225,-0.0785243,-0.0293518,-0.0507828,9.26536e-05,0.27553,317,36,354,44,391,49,429,53,466,55,503,57,541,70
1677,226,-0.0819148,-0.0488194,-0.0812875,0.0275991,0.178463,312,35,349,44,387,50,424,54,462,55,499,57,537,66
1678,229,-0.0508017,-0.0516323,-0.0784746,0.0261807,0.154821,306,36,344,44,382,50,420,54,458,55,496,57,534,65
1679,229,-0.050296,-0.0771987,-0.0522012,-0.0261807,0.1302,301,35,339,44,377,51,415,55,453,57,491,58,529,64
1680,231,-0.050296,-0.0545661,-0.0748338,-0.0261807,0.0758043,295,35,333,44,371,51,410,56,448,58,486,59,525,63
1681,233,-0.00508194,-0.0747194,-0.0748338,-0.00125324,0.0254421,289,35,327,43,366,51,405,56,443,58,482,60,521,63
1682,233,-0.0796349,-0.0248542,-0.0999736,-0.00125324,0.0254421,286,34,324,44,363,51,402,57,440,59,479,61,518,64
1683,228,-0.0563484,-0.0254738,-0.0516323,-0.0260003,-0.0523816,279,34,316,43,354,50,392,56,430,60,468,63,506,64
1684,228,-0.0817028,-0.0254738,-0.0516323,-0.0260003,-0.0523816,277,34,314,44,352,51,390,57,428,61,466,64,504,65
1685,234,-0.00508194,-0.0246328,-0.049994,-0.050645,-0.0510438,269,34,307,42,346,50,385,57,424,62,463,65,502,66
1686,228,-0.13136,9.26536e-05,-0.0771987,9.26536e-05,-0.0784746,269,32,306,44,344,51,382,58,420,62,458,66,496,67
1687,231,-0.0477599,-0.104083,-0.12492,0.0522012,-0.0791489,262,29,300,42,338,53,377,60,415,62,453,66,492,67
1688,223,-0.206484,-0.154561,-0.161249,0.0539482,9.26536e-05,268,28,305,48,342,59,379,64,416,63,453,64,490,65
1689,215,-0.386035,-0.243084,-0.14147,0.0582008,0.0276352,272,30,307,57,343,67,379,68,414,64,450,62,486,61
1690,207,-0.536673,-0.396281,-0.145872,9.26325e-05,0.0610555,283,36,308,66,342,78,377,76,411,69,445,62,480,57
1691,192,-0.755611,-0.432315,-0.276126,-0.0860248,9.26387e-05,294,42,305,72,337,88,369,89,401,81,433,70,465,59
1692,188,-0.927557,-0.643054,-0.413174,-0.178057,-0.0942213,310,38,303,69,326,96,357,103,388,97,419,85,451,69
1693,191,-0.833896,-0.914272,-0.655332,-0.277133,-0.350339,337,34,310,57,309,89,337,112,368,113,400,105,431,84
1694,195,-0.60844,-0.925031,-0.864337,-0.516351,-0.395316,358,38,326,52,307,83,320,116,352,127,384,121,416,100
1695,201,-0.364479,-0.794789,-0.979186,-0.708534,-0.475603,375,42,342,52,311,76,307,110,335,134,368,134,401,117
1696,202,-0.248971,-0.335426,-1.03434,-0.909381,-0.578223,395,44,362,52,328,70,302,98,312,132,345,145,379,138
1697,193,-0.193265,-0.0739602,-0.717335,-1.0246,-0.701646,405,47,373,55,341,70,309,88,298,119,320,146,352,152
1698,190,-0.0176991,-0.091798,-0.516293,-1.0673,-0.795014,407,50,376,61,344,73,313,88,293,117,308,147,339,157
1699,191,-0.0176991,-0.0270193,-0.224751,-0.928738,-0.958442,418,50,387,61,355,73,323,86,293,107,292,139,320,160
1700,186,0.0394348,9.26536e-05,-0.0831228,-0.591016,-1.07095,425,51,395,63,364,74,333,85,302,99,284,128,301,158
1701,191,-0.0164564,0.0546939,-0.00979022,-0.367555,-0.986432,436,49,405,61,373,74,341,85,310,96,282,120,286,152
1702,198,-0.0700401,0.0523651,0.0269278,-0.177504,-0.920986,446,49,414,60,381,74,348,86,315,97,282,115,277,148
1703,206,-0.156629,0.050198,0.0522076,-0.0522076,-0.706156,459,48,425,57,391,72,357,85,323,96,289,109,271,142
1704,202,-0.0666284,0.0401286,0.0622769,-0.00875667,-0.481735,461,46,428,58,394,73,361,86,327,97,294,108,267,136
1705,201,-0.051264,0.0359278,0.0687638,0.0274233,-0.272402,466,44,433,57,400,72,366,86,333,97,300,107,267,128
1706,198,-0.0141244,0.025306,0.0258653,0.108926,-0.108926,473,41,441,55,408,70,375,84,342,97,309,106,276,119
1707,217,-0.167009,0.0453306,0.0472404,0.0242598,0.0246957,491,37,455,48,419,66,383,82,347,96,311,109,275,121
1708,206,-0.0491429,9.26536e-05,9.26536e-05,0.0745485,0.0605979,484,37,450,51,416,67,382,83,348,99,314,112,279,123
1709,209,-0.0893928,-0.0232832,-0.0114011,0.0347769,0.0730495,498,33,464,45,429,61,394,78,360,95,325,111,290,124
1710,213,-0.100288,-0.036195,-0.0560706,9.26387e-05,0.0790257,509,30,474,41,439,56,403,73,368,92,333,111,297,127
1711,207,-0.102498,-0.0365691,-0.0346527,-0.0873129,0.0768695,510,29,476,40,442,55,407,72,373,90,339,112,304,131
1712,205,-0.0776132,-0.0491429,-0.069657,-0.0850743,0.0203618,516,27,482,38,448,52,414,68,380,87,346,110,312,132
1713,208,-0.121643,-0.0348931,-0.081758,-0.117228,-0.038091,526,25,492,34,457,48,423,63,388,82,354,106,320,132
1714,205,-0.108109,-0.0258162,-0.0983535,-0.170282,-0.0720837,532,26,498,34,464,46,430,59,396,76,362,101,328,130
1715,210,-0.0769251,-0.0527283,-0.124174,-0.210043,-0.0819647,542,28,508,34,473,43,438,54,403,70,368,96,335,125
1716,204,-0.0823289,-0.055633,-0.131743,-0.21799,-0.143295,541,32,508,36,474,43,440,52,406,66,373,89,342,118
1717,217,-0.0819148,-0.0268067,-0.104405,-0.231436,-0.257231,556,33,520,36,484,42,448,49,412,60,376,81,343,114
1718,223,-0.0533247,-0.0263486,-0.0777539,-0.146456,-0.339616,566,34,529,37,492,42,455,48,418,57,381,72,346,103
1719,226,-0.0756051,-0.00406821,-0.0213129,-0.106714,-0.389051,571,34,534,37,496,43,459,49,421,56,384,67,348,96
1720,226,0.00340139,-0.00340139,-0.0477542,-0.0563484,-0.368286,571,34,534,39,496,44,459,49,421,56,384,65,348,90
1721,222,0.00359193,-0.0263486,0.0263486,-0.0525652,-0.287328,574,34,538,39,501,44,464,50,427,55,390,62,353,81
1722,225,9.26387e-05,0.0298427,-0.00340139,9.26387e-05,-0.30796,578,33,541,39,504,45,466,50,429,55,392,60,354,78
1723,229,9.26536e-05,0.0256818,0.0258578,-0.0516323,-0.241828,583,33,545,39,507,45,469,50,431,54,393,60,355,76
1724,229,-0.0256818,9.26536e-05,0.0516323,9.26536e-05,-0.224655,589,33,551,38,513,44,475,50,437,54,399,58,361,71
1725,227,-0.0477542,0.0512483,0.0498306,-0.0238802,-0.200909,589,33,552,38,514,45,476,50,439,53,401,57,363,69
1726,228,-0.0477542,0.0512483,0.0781517,-0.0522012,-0.176802,594,33,557,38,519,45,481,50,443,52,405,56,367,67
1727,238,0.00366673,0.0212877,0.0525571,-0.0272542,-0.142679,605,32,566,38,526,44,487,49,447,52,408,56,368,66
1728,240,0.00366673,9.26536e-05,0.0739374,9.26325e-05,-0.170026,611,31,572,37,532,43,492,49,452,52,412,55,372,65
1729,234,0.0294263,0.0250471,0.050645,9.26536e-05,-0.149934,608,31,570,38,531,44,492,49,453,52,414,55,375,64
1730,237,9.26325e-05,0.0282017,0.0220556,0.0253422,-0.0963811,617,31,578,37,539,43,499,48,460,52,421,55,381,62
1731,242,-0.048798,0.048798,0.0245937,0.0247162,-0.0941487,624,31,584,36,544,43,504,48,464,52,424,55,383,62
1732,245,0.00348728,9.26536e-05,0.0703575,-0.0223007,-0.0717554,630,30,590,36,549,42,508,48,468,51,427,55,386,62
1733,246,0.00348728,0.0238654,0.0240061,0.02412,-0.095968,634,30,594,36,553,42,512,47,471,51,430,54,389,61
1734,243,-0.0244423,0.0274453,0.0215907,0.0247162,-0.0941487,636,31,596,36,556,42,515,47,475,51,435,54,394,61
1735,245,-0.0208624,9.26536e-05,0.0703575,-0.0223007,-0.0479642,641,30,601,35,560,41,519,47,479,50,438,54,397,60
1736,237,0.049994,0.00306191,0.0474904,-0.0253422,-0.0465906,635,30,596,37,557,42,517,47,478,50,439,54,399,60
1737,240,-0.0212877,0.0244423,0.0494025,-0.0247162,-0.0491286,640,31,601,36,561,42,521,47,481,50,441,54,401,60
1738,240,-0.0212877,0.0244423,0.0494025,-0.0247162,-0.0245937,648,30,609,35,569,41,529,46,489,49,449,53,409,58
1739,241,9.26536e-05,0.0491286,0.0247162,-0.0247162,-0.0245937,648,30,608,36,568,42,528,46,488,49,448,53,408,58
1740,245,0.0274453,9.26536e-05,0.0463995,-0.0223007,-0.0240061,654,30,614,36,573,41,532,46,492,49,451,53,410,58
1741,241,-0.0491286,0.0491286,9.26536e-05,0.0247162,-0.0494025,655,31,615,35,575,41,535,45,495,49,455,52,415,57
1742,244,0.0274453,-0.00291034,0.0512218,-0.00172663,-0.0463995,657,30,617,36,576,41,536,46,495,49,455,52,414,57
1743,242,0.0244423,9.26536e-05,0.0743039,-0.0248088,-0.0463995,660,30,620,36,580,41,540,46,500,48,460,51,419,56
1744,242,0.0244423,0.0245937,0.0247162,9.26325e-05,-0.0463995,665,30,625,36,585,41,545,45,505,48,465,51,424,56
1745,247,9.26536e-05,9.26536e-05,0.0482188,9.26536e-05,-0.0482188,672,30,631,35,590,40,549,45,508,48,467,51,426,56
1746,243,0.0245937,-0.0215907,0.0463995,9.26325e-05,-0.0463995,670,31,630,36,590,40,549,45,509,48,469,51,428,56
1747,252,-0.0962323,0.0236854,-0.0945923,-0.0465661,-0.045852,686,39,645,37,603,39,561,40,519,45,477,52,435,61
1748,234,0.0240962,-0.0510438,-0.0767799,-0.199673,-0.181312,676,43,638,41,599,38,560,37,521,39,482,49,443,67
1749,235,9.26387e-05,0.05035,-0.10132,-0.228741,-0.355155,685,49,646,45,607,41,568,35,529,33,490,40,451,63
1750,224,0.310765,0.161249,0.0263486,-0.0263486,-0.0554448,462,46,499,33,536,32,573,37,610,43,647,48,685,51
1751,235,0.302147,0.175469,-0.0740569,-0.05035,-0.0508769,462,39,501,29,540,31,579,40,618,46,657,50,696,52
1752,230,0.234659,0.0252353,-0.0508017,-0.0777253,-0.0786913,474,30,512,28,550,35,588,43,626,49,664,52,703,52
1753,238,0.193649,-0.0672898,-0.0531485,-0.0730252,-0.0511445,483,27,522,29,562,39,601,46,641,51,680,53,720,53
1754,237,0.0991966,-0.0534605,-0.0709463,-0.0764787,-0.0255428,489,27,528,32,567,41,607,48,646,52,685,53,725,53
1755,242,0.0240572,-0.0729479,-0.0494025,-0.0248088,-0.0742512,495,29,535,36,575,44,615,49,655,52,695,54,736,53
1756,244,-0.0521206,-0.0693399,-0.0508341,-0.0236544,-0.0492875,505,31,545,40,586,47,626,51,667,53,707,54,748,53
1757,246,-0.123969,9.26536e-05,-0.0727751,9.26536e-05,-0.0242928,511,35,551,44,592,48,633,52,674,53,715,54,756,54
1758,252,-0.121301,-0.0236317,9.26387e-05,-0.0474904,9.26536e-05,520,39,561,47,603,50,645,52,687,54,729,54,771,54
1759,245,-0.100055,9.26387e-05,-0.0236544,-0.0249021,9.26536e-05,528,43,568,49,609,51,650,53,690,54,731,54,772,54
1760,252,-0.0733555,9.26536e-05,9.26536e-05,9.26536e-05,-0.0237124,537,47,578,51,620,52,662,53,704,54,746,55,788,55
1761,243,-0.0248709,-0.0249021,0.0249021,9.26536e-05,-0.0249021,545,50,585,52,625,53,666,53,706,54,746,55,787,55
1762,256,-0.0237124,0.0237124,-0.00046075,-0.023159,0.0463855,554,52,596,53,639,53,681,54,724,55,766,55,809,57
1763,246,-0.0242928,0.0486782,9.26536e-05,-0.0242928,0.0242928,560,54,600,54,641,53,682,54,723,55,764,55,805,56
1764,251,0.0248442,0.0475174,0.000487729,-0.000487729,9.26536e-05,567,56,608,54,650,53,692,54,733,55,775,56,817,57
1765,244,0.0254803,0.0492875,0.0236544,-0.0486492,0.0242928,578,56,618,54,659,53,699,54,740,56,780,56,821,57
1766,251,0.0491429,0.0475174,0.0248442,-0.0248442,9.26536e-05,582,57,623,54,665,53,707,54,748,56,790,57,832,58
1767,246,0.0747672,9.26536e-05,0.0486492,9.26387e-05,-0.0486492,590,57,630,54,671,54,712,54,753,56,794,58,835,58
1768,243,0.0747672,0.0242928,0.0254803,-0.0248709,-0.000516731,600,57,640,54,680,54,721,55,761,57,801,58,842,59
1769,245,0.099576,0.0242928,0.0254803,-0.00112389,-0.0486492,606,58,646,54,687,54,728,55,768,57,809,59,850,59
1770,248,0.0729479,0.0486492,9.26387e-05,-0.0242638,-0.000487729,614,57,655,54,696,54,737,56,778,58,819,59,861,60
1771,255,0.142202,0.0225805,-0.0225805,9.26536e-05,0.0225805,617,59,659,54,701,55,744,57,786,58,828,59,871,61
1772,246,0.099576,0.0242928,0.0242638,9.26387e-05,-0.0242638,621,59,661,55,702,55,743,56,784,58,825,60,866,61
1773,244,0.0747672,0.0498657,-0.00112389,-0.0236544,0.0236544,633,58,673,55,714,55,754,57,795,59,835,60,876,62
1774,248,0.0729479,0.0486492,9.26387e-05,9.26387e-05,-0.0248442,635,58,676,55,717,55,758,57,799,59,840,61,882,62
1775,242,0.0747672,0.0498657,9.26278e-05,9.26278e-05,-0.00112389,645,58,685,55,725,55,765,57,805,59,845,61,886,63
1776,242,0.0747672,0.0498657,0.0248088,-0.0248088,-0.0254803,649,58,689,55,729,55,769,57,809,60,849,62,890,63
1777,242,0.099762,0.0248709,9.26278e-05,9.26278e-05,-0.0254803,653,58,693,55,733,56,773,58,813,60,853,62,894,63
1778,244,0.0986076,0.0260253,-0.0260253,-0.0236544,-0.000516731,659,56,699,54,740,56,780,59,821,61,861,62,902,63
1779,240,0.0474904,-0.0245937,-0.0745812,-0.0748605,0.0248709,670,50,709,53,749,58,789,62,829,63,869,61,909,60
1780,236,-0.0485884,-0.125457,-0.127916,-0.0761797,0.102422,675,45,714,55,753,63,792,66,831,64,870,59,910,58
1781,234,-0.200248,-0.152557,-0.102114,-0.0252102,0.0761797,684,46,722,60,761,66,800,66,839,62,878,57,917,55
1782,234,-0.230442,-0.153351,-0.0252102,0.0252102,0.102114,692,56,730,67,769,69,808,65,847,60,886,56,925,56
1783,238,-0.0498657,-0.0521557,-0.0465906,0.0465906,0.226469,933,56,894,56,854,58,815,62,775,68,736,72,696,67
1784,240,-0.0255428,-0.0498657,-0.0988389,-0.0723318,0.121553,942,58,903,57,863,57,823,59,783,65,743,74,703,78
1785,236,0.0255091,-0.0767799,-0.0764787,-0.148703,0.00593137,948,59,909,58,870,56,831,57,792,61,753,71,713,81
1786,232,0.0248348,-0.0248348,-0.0774542,-0.156166,-0.114162,956,60,918,59,879,57,841,56,802,58,764,66,725,79
1787,229,0.0786913,-0.0261082,-0.0788001,-0.104425,-0.198704,961,60,923,60,885,57,847,55,809,56,771,61,733,74
1788,228,0.0262171,0.0523816,-0.0523816,-0.105001,-0.15368,968,60,931,60,893,59,855,56,817,55,779,58,741,67
1789,229,0.0262171,0.0261807,9.26536e-05,-0.0524904,-0.207404,979,60,941,60,903,59,865,57,827,55,789,55,751,63
1790,230,0.157044,0.0261807,0.0261082,-0.0786913,9.26536e-05,758,59,796,54,834,55,872,57,910,60,948,60,987,60
1791,227,0.0802186,0.0523816,-0.0246898,-0.0275991,-0.0788001,767,56,804,54,842,55,880,58,917,60,955,61,993,59
1792,221,0.0816795,0.0268099,-0.0530408,-0.000657534,-0.0809293,776,55,812,54,849,56,886,59,922,60,959,61,996,59
1793,226,0.0524904,0.0282284,-0.0808114,9.26536e-05,-0.0524904,781,55,818,55,856,57,893,60,931,60,968,60,1006,58
1794,225,0.0268884,-0.00132579,-0.0524904,9.26536e-05,-0.0262171,789,55,826,56,863,58,901,60,938,60,975,60,1013,59
1795,217,9.26536e-05,0.0276352,-0.0276352,-0.0554486,-0.0276352,799,56,835,57,871,58,907,60,943,61,979,60,1015,58
1796,226,-0.000618078,0.000618078,-0.0269278,-0.0269278,0.000618078,805,57,842,58,880,59,917,60,955,60,992,59,1030,58
1797,214,-0.028471,0.028471,-0.028471,-0.028471,0.000700368,815,58,850,59,886,59,921,60,957,60,992,59,1028,58
1798,213,9.26325e-05,0.028471,9.26536e-05,0.028471,-0.028471,1033,58,998,59,963,60,927,60,892,60,857,59,821,59
1799,216,0.000700368,0.027678,9.26536e-05,9.26536e-05,9.26536e-05,1041,58,1006,59,970,60,934,60,898,60,862,60,826,60
1800,211,0.0284245,0.028471,9.26536e-05,-0.028471,0.028471,1043,57,1008,59,973,60,938,60,903,60,868,61,833,61
1801,215,-0.0268422,0.0554059,-0.028471,0.028471,-0.027678,1051,57,1016,58,980,60,944,60,909,61,873,61,837,62
1802,213,-0.0284245,0.0569881,9.26536e-05,-0.0569881,0.0292175,1057,57,1022,58,987,60,951,60,916,60,881,62,845,63
1803,207,9.26325e-05,0.0586632,-0.0293106,9.26325e-05,0.000746977,1058,56,1024,58,990,60,955,60,921,61,887,62,852,63
1804,208,-0.0560094,0.0560094,0.0293106,-0.0586632,0.0300995,1066,56,1032,57,997,60,963,61,928,61,894,63,859,64
1805,211,-0.056849,0.0854126,-0.028471,-0.0284245,0.0284245,1070,56,1035,57,1000,60,965,60,930,61,895,63,860,64
1806,209,-0.0275848,0.0284245,-0.000746977,-0.0275848,0.0284245,1077,56,1043,57,1008,59,973,60,939,61,904,63,869,64
1807,201,9.26536e-05,0.000797818,-0.0611639,0.0300352,0.00168354,1078,56,1045,57,1012,58,978,59,945,62,912,64,878,66
1808,200,0.0604394,-0.0907331,-0.0301456,-0.148398,0.00588507,1082,58,1049,58,1016,56,983,57,950,59,917,66,883,73
1809,200,0.0902373,-0.0902373,-0.0907331,-0.148398,-0.206376,1086,60,1053,59,1020,55,987,54,954,56,921,63,887,78
1810,198,0.0905672,0.0298711,-0.0902373,-0.210055,-0.295749,1090,60,1058,60,1025,57,992,53,959,52,926,58,893,75
1811,195,0.124624,0.0270542,-0.0270542,-0.155803,-0.259239,1097,60,1065,61,1033,58,1000,54,968,51,936,53,903,64
1812,199,0.20893,0.150279,-0.0296551,-0.0902373,-0.0907331,905,58,938,51,971,51,1004,56,1037,60,1070,61,1103,59
1813,199,0.181227,0.0596189,-0.0897468,-0.0604394,-0.0604394,912,53,945,50,978,53,1011,58,1044,60,1077,60,1110,58
1814,197,0.120531,9.26536e-05,-0.0581122,-0.0926199,-0.0602735,920,51,952,51,985,55,1018,59,1050,61,1083,60,1116,57
1815,197,0.0581122,-0.0298711,-0.0593274,-0.0916792,9.26387e-05,927,51,959,53,992,57,1025,60,1057,61,1090,59,1123,57
1816,192,-0.00290434,-0.0309653,-0.0310863,-0.093566,9.26387e-05,935,52,966,55,998,58,1030,60,1062,61,1094,59,1126,57
1817,190,-0.0339623,0.00191538,-0.0643342,-0.0643342,0.00191538,942,54,973,57,1005,59,1036,61,1068,61,1099,59,1131,57
1818,188,9.26536e-05,-0.0320873,-0.0321542,-0.0963811,0.0651413,947,56,978,58,1009,60,1040,61,1071,61,1102,58,1134,57
1819,188,9.26536e-05,-0.0643342,-0.0321542,-0.0320873,0.0330944,951,57,982,59,1013,61,1044,61,1075,60,1106,58,1138,57
1820,192,0.000914395,-0.0310863,0.0623262,0.0311472,0.0310863,1147,57,1116,58,1084,59,1052,61,1020,61,988,60,956,58
1821,184,-0.0310132,0.0310132,0.0332283,9.26536e-05,0.0321542,1144,57,1114,58,1083,60,1053,61,1022,61,992,61,961,60
1822,186,0.0342286,9.26387e-05,9.26387e-05,0.0321542,9.26536e-05,1151,56,1121,58,1090,59,1059,60,1028,61,997,61,966,61
1823,185,-0.0310132,0.0320873,-0.0342286,0.0664755,0.0321542,1152,56,1122,57,1091,59,1060,60,1030,62,999,62,968,61
1824,185,-0.0310132,0.0320873,-0.0342286,0.0664755,0.0321542,1160,56,1130,57,1099,59,1068,60,1038,62,1007,62,976,61
1825,179,-0.0320064,0.0331545,-0.00105545,0.00105545,0.0332283,1161,56,1132,57,1102,59,1072,60,1043,61,1013,62,983,62
1826,175,-0.0342947,0.0342947,9.26536e-05,9.26536e-05,0.0343764,1163,56,1134,57,1105,59,1076,60,1047,61,1018,62,989,62
1827,180,-0.0320064,0.0331545,9.26536e-05,9.26536e-05,0.0332283,1169,56,1140,57,1110,59,1080,60,1050,61,1020,62,990,62
1828,178,-0.0320064,0.0320064,0.00105545,-0.00105545,0.00105545,1169,56,1140,57,1110,59,1081,60,1051,61,1022,62,992,63
1829,179,-0.135332,0.0331545,-0.00105545,-0.0320064,0.0331545,1178,58,1149,56,1119,58,1089,59,1060,60,1030,62,1000,63
1830,176,-0.136173,-0.103233,9.26387e-05,-0.0341325,0.0364208,1181,62,1152,57,1123,56,1094,58,1065,60,1036,63,1006,65
1831,174,-0.175125,-0.137458,-0.102504,9.26387e-05,9.26387e-05,1180,65,1152,57,1123,54,1094,55,1065,59,1036,63,1007,67
1832,169,0.0342918,0.0698805,0.142342,0.140917,0.197532,1015,66,1043,60,1071,55,1099,52,1127,53,1155,58,1183,69
1833,173,0.141141,0.068117,0.140071,0.197767,0.152159,1016,64,1044,56,1073,52,1102,50,1130,52,1159,60,1188,73
1834,172,0.207824,0.102989,0.136974,0.173839,0.166254,1019,60,1047,51,1076,48,1104,48,1133,52,1161,61,1190,76
1835,170,0.242508,0.106914,0.139693,0.131838,0.161049,1024,54,1052,46,1080,45,1108,47,1136,53,1164,63,1193,79
1836,167,0.218576,0.141804,0.111684,0.151125,0.114162,1030,49,1057,43,1085,43,1113,47,1140,54,1168,66,1196,82
1837,164,0.220925,0.109079,0.138547,0.0650325,0.158687,1035,44,1062,40,1089,42,1116,47,1143,56,1170,67,1198,84
1838,161,0.112289,0.179642,0.0447322,0.119633,0.169686,1039,40,1065,39,1092,41,1119,48,1145,56,1172,68,1199,86
1839,157,0.114114,0.110253,0.104086,0.0651413,0.146574,1047,37,1073,38,1099,42,1125,49,1151,59,1177,71,1203,88
1840,154,0.262902,0.00992132,0.0940725,0.112253,0.072043,1051,36,1076,36,1102,43,1127,50,1153,60,1178,73,1204,89
1841,153,0.155622,0.0976067,0.0811699,0.0329204,0.131462,1055,34,1080,36,1105,42,1131,51,1156,62,1181,74,1207,91
1842,149,0.185255,0.03576,0.084114,0.0496644,0.136685,1062,33,1086,36,1111,44,1136,53,1160,64,1185,77,1209,94
1843,147,0.156509,0.0237124,0.084114,0.0665678,0.146986,1066,33,1090,37,1114,45,1139,54,1163,65,1187,78,1211,96
1844,142,0.107597,0.0511445,0.0566819,0.0845964,0.121964,1071,33,1094,38,1118,46,1141,55,1165,66,1188,79,1211,96
1845,140,0.120584,0.0752978,9.26325e-05,0.156509,0.0696863,1077,34,1100,39,1123,47,1146,57,1169,67,1191,81,1214,98
1846,139,0.0794618,0.111276,9.26387e-05,0.100591,0.188558,1081,34,1104,40,1127,48,1150,59,1173,70,1196,84,1217,103
1847,136,0.0683921,0.091798,0.0541671,0.0527283,0.151929,1083,34,1105,40,1128,48,1150,58,1173,70,1195,83,1217,101
1848,133,0.121974,0.0382161,0.0726266,0.0672898,0.163078,1089,35,1111,41,1133,50,1155,60,1177,72,1199,86,1218,103
1849,128,0.171056,-0.0408202,0.190236,9.26536e-05,0.18104,1092,37,1113,42,1134,51,1155,59,1176,72,1197,85,1218,104
1850,129,0.0855866,0.0242471,0.130735,0.0687638,0.171667,1093,37,1114,43,1135,51,1157,60,1178,72,1199,86,1219,105
1851,126,0.0302011,0.122576,0.0746343,0.0687638,0.197303,1098,39,1118,45,1139,52,1160,62,1181,74,1202,88,1220,106
1852,123,0.0916035,0.107652,0.0802839,0.0858375,0.17458,1101,41,1121,46,1141,53,1162,63,1181,74,1201,88,1220,107
1853,122,0.139187,0.0860865,0.117473,0.0702138,0.17458,1101,42,1121,46,1141,53,1161,62,1181,74,1201,88,1221,108
1854,125,0.0766792,0.122576,0.131863,0.0982731,0.221222,1106,43,1126,48,1147,55,1168,65,1188,78,1208,94,1224,114
1855,125,0.0332283,0.166027,0.131863,0.0982731,0.19607,1105,44,1125,49,1146,55,1167,65,1187,78,1207,94,1223,113
1856,121,0.0463855,0.0889569,0.230127,0.0574708,0.234125,1106,44,1126,49,1146,55,1166,63,1186,77,1205,92,1220,111
1857,119,0.17998,0.0437389,0.254428,0.091523,0.183018,1110,46,1129,49,1149,56,1169,64,1188,78,1206,94,1220,112
1858,115,0.0497348,0.184958,0.225823,0.0263562,0.214922,1112,46,1131,50,1150,55,1169,64,1188,79,1206,94,1220,112
1859,109,0.102989,0.141804,0.262902,-0.00771969,0.162949,1118,46,1136,50,1154,56,1172,65,1190,81,1206,95,1220,112
1860,105,0.0548681,0.262405,0.202287,9.26278e-05,0.0967953,1122,47,1139,51,1156,56,1174,67,1189,81,1204,95,1219,112
1861,99,0.113699,0.172861,0.253581,0.0830486,-0.179522,1124,46,1140,50,1156,56,1173,66,1188,81,1199,94,1216,108
1862,90,0.211565,0.142699,0.223864,-0.0312361,-0.335327,1129,46,1143,50,1158,58,1173,69,1186,84,1198,97,1213,105
1863,104,0.278895,0.0664755,0.0712148,-0.466006,-0.949114,1130,46,1147,54,1163,68,1177,82,1190,97,1207,104,1223,94
1864,109,0.1588,-0.124745,-0.0405701,-0.571567,-1.10706,1128,46,1145,60,1160,77,1177,92,1193,105,1211,107,1222,90
1865,124,-0.17458,-0.170643,-0.323114,-1.17984,-0.360473,1133,57,1147,77,1166,96,1183,108,1203,114,1216,98,1223,77
1866,131,-0.291795,-0.371351,-0.483178,-1.12698,-0.0406256,1133,69,1145,90,1165,109,1187,118,1208,116,1216,94,1223,72
1867,133,-0.0426828,0.770852,0.756136,0.440303,0.396147,1221,68,1215,90,1210,112,1190,125,1168,121,1147,106,1134,85
1868,132,-0.141804,0.488343,0.811754,0.517195,0.51528,1221,67,1214,88,1210,110,1195,129,1173,131,1151,121,1135,99
1869,129,-0.221989,0.321658,0.662637,0.632548,0.597084,1221,65,1213,86,1210,107,1199,129,1178,139,1157,135,1137,115
1870,142,-0.210289,0.28568,0.375178,0.872044,0.621795,1221,56,1213,79,1210,103,1200,126,1181,145,1158,143,1137,125
1871,135,-0.128107,0.193042,0.237646,0.693726,0.712265,1220,59,1213,81,1209,103,1200,126,1186,146,1164,152,1141,141
1872,135,-0.128107,0.115495,0.203813,0.483354,0.843092,1219,56,1212,78,1208,100,1201,123,1189,145,1168,159,1145,153
1873,139,-0.204942,0.165646,0.185354,0.385322,0.876592,1219,55,1211,78,1208,101,1201,124,1189,147,1169,164,1146,160
1874,135,-0.128107,0.115495,0.0532375,0.35563,0.736507,1218,55,1211,77,1207,99,1200,122,1192,144,1175,164,1152,167
1875,137,-0.0939686,0.123157,0.0927852,0.29211,0.717992,1217,56,1211,78,1207,101,1200,124,1191,146,1174,167,1151,171
1876,141,9.26536e-05,0.149467,0.0511445,0.255716,0.607171,1218,49,1214,72,1210,95,1202,119,1193,142,1177,164,1154,172
1877,134,-0.0447752,0.258018,0.0394551,0.269477,0.46671,1218,49,1215,71,1213,93,1205,115,1196,137,1179,159,1156,170
1878,127,-0.0474904,0.321658,0.16067,0.275772,0.329813,1217,49,1216,70,1216,91,1209,112,1198,133,1180,152,1159,163
1879,130,0.0494358,0.279074,0.229812,0.432315,0.408396,1215,47,1217,68,1218,90,1213,111,1202,133,1182,149,1160,155
1880,132,0.142991,0.226095,0.363726,0.552211,0.564477,1212,51,1217,72,1219,94,1216,116,1204,138,1183,150,1161,149
1881,142,0.130735,0.211001,0.359275,0.642085,0.804171,1211,52,1217,75,1220,99,1218,122,1207,145,1186,156,1162,148
1882,148,0.202229,0.119336,0.197303,0.637868,1.04505,1208,48,1216,72,1219,97,1219,121,1214,146,1193,165,1168,157
1883,152,0.114261,0.118584,0.159315,0.566208,1.11177,1207,50,1214,75,1218,100,1219,125,1216,150,1198,172,1172,166
1884,157,0.110253,0.0757848,0.191556,0.42545,1.14516,1207,50,1214,76,1218,102,1220,128,1217,154,1202,179,1176,176
1885,165,9.26536e-05,0.147269,0.108235,0.44124,1.12805,1206,50,1212,77,1218,104,1220,132,1219,159,1205,186,1177,185
1886,165,0.0354655,0.111711,0.0712148,0.287963,0.927943,1206,50,1212,77,1217,104,1219,132,1219,159,1211,186,1184,196
1887,165,0.0714979,-0.0295378,0.176616,0.218576,0.639677,1205,49,1211,76,1215,103,1220,131,1220,158,1214,185,1192,204
1888,170,0.0691036,9.26387e-05,0.106105,0.212315,0.678251,1205,51,1211,79,1215,107,1219,135,1220,163,1215,191,1192,211
1889,174,0.00588099,9.26536e-05,0.136173,0.205112,0.659994,1205,52,1210,80,1215,109,1220,138,1221,167,1216,196,1193,217
1890,177,-0.0668592,0.0387766,0.130587,0.137458,0.552521,1205,51,1209,80,1215,109,1220,139,1221,168,1218,197,1198,223
1891,181,-0.0325045,9.26536e-05,0.0653874,0.232128,0.498435,1205,53,1209,83,1214,113,1219,143,1222,173,1218,203,1199,229
1892,180,-0.0651069,-0.0653874,0.0325045,0.199027,0.369966,1208,54,1209,83,1212,113,1217,143,1221,173,1219,203,1205,233
1893,185,-0.0976552,-0.0953936,0.0272689,0.164706,0.418322,1210,55,1209,85,1211,116,1216,147,1220,177,1219,208,1204,239
1894,189,-0.0965811,-0.122657,0.0584303,0.0963811,0.412318,1211,57,1209,88,1210,119,1215,151,1218,182,1218,213,1204,245
1895,193,-0.124745,-0.0309653,0.0309653,0.093566,0.242835,1211,57,1209,89,1211,121,1214,153,1216,185,1215,217,1206,249
1896,197,-0.0302011,-0.0301456,-0.00179414,0.0623262,0.237743,1210,53,1210,85,1211,118,1213,151,1215,183,1215,216,1207,249
1897,191,-0.0611372,0.0621443,0.0311472,0.0623262,0.182467,1209,56,1210,87,1213,119,1214,151,1214,182,1212,214,1204,246
1898,192,-0.0584303,0.0614273,0.124624,0.154015,0.17333,1206,56,1209,87,1214,119,1217,151,1216,183,1210,215,1198,247
1899,186,-0.0259431,0.0627686,0.160477,0.158845,0.28519,1204,59,1209,89,1215,120,1219,151,1218,182,1212,213,1196,244
1900,184,0.00611845,-0.00611845,0.197303,0.132459,0.417209,1202,60,1208,90,1214,121,1220,151,1220,182,1216,212,1197,243
1901,184,-0.0568406,0.0245937,0.100829,0.162949,0.483192,1201,60,1206,90,1213,121,1219,151,1222,182,1220,212,1201,243
1902,194,-0.0609003,-0.0595381,0.0898893,0.217323,0.449878,1200,54,1204,86,1210,118,1218,150,1223,182,1221,214,1203,246
1903,187,-0.0311787,-0.0612772,0.0925485,0.192067,0.418322,1199,63,1204,94,1210,125,1218,156,1223,187,1222,218,1207,249
1904,185,-0.0601518,-0.0620761,-0.00705738,0.164712,0.286416,1200,61,1203,91,1208,122,1215,153,1222,183,1224,214,1217,245
1905,198,-0.0581122,-0.0591372,-0.0578898,0.0873718,0.210811,1199,47,1201,79,1205,112,1211,145,1219,178,1224,211,1222,244
1906,177,-0.0341325,-0.0942213,-0.0393605,9.26387e-05,0.170188,1199,57,1201,86,1204,115,1210,145,1217,174,1224,203,1226,233
1907,167,-0.104784,9.26387e-05,-0.0411211,-0.0617752,0.0337927,1199,56,1200,83,1204,111,1208,139,1213,166,1220,194,1226,222
1908,178,-0.0651069,-0.0373049,-0.0279898,-0.0387766,-0.0564918,1198,42,1199,71,1202,101,1206,130,1211,160,1217,189,1225,219
1909,174,-0.101274,9.26387e-05,9.26387e-05,-0.0335764,-0.0660209,1197,46,1198,74,1202,103,1206,132,1210,161,1215,190,1222,219
1910,169,-0.0353356,-0.104265,0.0691036,9.26387e-05,0.0350687,1195,48,1197,76,1200,104,1206,132,1210,160,1214,188,1217,216
1911,165,9.26536e-05,-0.100343,0.0639223,0.0363285,0.00382889,1194,54,1197,81,1200,108,1206,136,1210,163,1213,190,1216,218
1912,168,-0.0696229,-0.104265,9.26387e-05,0.139693,-0.0704969,1194,51,1195,78,1198,106,1204,134,1210,162,1212,190,1216,218
1913,164,-0.110565,-0.107919,9.26536e-05,0.0714979,0.0756782,1194,54,1194,81,1197,108,1203,135,1209,162,1213,189,1215,217
1914,173,-0.140071,-0.101786,-0.107472,0.107472,0.0675609,1195,49,1193,77,1195,106,1200,135,1208,163,1213,192,1216,221
1915,175,-0.203925,-0.136974,-0.132009,9.26536e-05,0.132009,1199,47,1193,76,1193,105,1197,134,1205,163,1213,192,1217,221
1916,169,-0.239598,-0.17795,-0.171471,-0.0646316,0.0979526,1202,53,1193,81,1191,109,1194,137,1202,165,1212,193,1219,221
1917,165,-0.235021,-0.218717,-0.217882,-0.164458,0.0437981,1206,57,1194,84,1189,111,1190,139,1197,166,1209,193,1220,221
1918,167,-0.137632,-0.275207,-0.218717,-0.221688,-0.102114,1210,59,1197,86,1188,114,1187,142,1192,169,1204,197,1219,224
1919,167,-0.135236,-0.166222,-0.323695,-0.131129,-0.292945,1213,59,1199,86,1189,114,1184,142,1188,169,1196,197,1214,225
1920,169,-0.0892213,-0.197532,-0.140917,-0.2467,-0.280623,1215,58,1201,86,1190,114,1185,142,1184,170,1190,198,1205,226
1921,176,-0.0297033,-0.0932841,-0.200218,-0.171845,-0.248271,1216,52,1204,81,1193,110,1185,139,1183,168,1186,197,1197,227
1922,174,0.0179139,-0.155399,-0.0996899,-0.171443,-0.202287,1216,54,1205,82,1193,111,1186,140,1182,169,1183,198,1190,227
1923,178,0.0178695,-0.143565,-0.0716074,-0.0961995,-0.266159,1217,52,1206,81,1194,111,1187,140,1182,170,1180,199,1186,229
1924,177,0.0297033,-0.131645,-0.0564918,-0.135069,-0.135332,1218,51,1207,80,1195,109,1187,139,1181,168,1179,197,1181,227
1925,174,-0.012459,-0.12308,-0.0650569,-0.0668592,-0.171443,1220,50,1208,78,1196,107,1188,136,1182,165,1178,194,1179,223
1926,181,9.26536e-05,-0.0889569,-0.0939686,-0.0976343,-0.099576,1220,48,1208,78,1196,108,1187,138,1181,168,1178,198,1178,228
1927,178,0.016475,-0.139648,-0.0398429,-0.160283,-0.0687638,1220,54,1208,83,1195,113,1187,142,1180,172,1178,201,1178,231
1928,182,-0.0573704,-0.0598953,-0.0939686,-0.0976343,-0.099576,1220,54,1207,84,1196,114,1187,144,1181,174,1178,204,1178,235
1929,184,-0.0103732,-0.0802839,-0.0693253,-0.124524,-0.0664755,1218,55,1207,85,1196,116,1188,146,1182,177,1180,207,1180,238
1930,187,-0.0571989,-0.0898676,-0.093666,-0.0317568,-0.128628,1217,56,1205,87,1195,118,1188,149,1184,180,1181,211,1182,242
1931,185,-0.0955556,-0.149702,-0.124524,-0.0664755,0.0321542,1218,60,1204,90,1193,121,1187,152,1185,182,1185,213,1184,244
1932,188,-0.116132,-0.264189,-0.15982,-0.0643342,0.0330944,1222,61,1204,91,1190,122,1185,153,1185,184,1187,215,1188,247
1933,183,-0.202229,-0.303642,-0.292372,9.26536e-05,-0.0272689,1223,66,1201,94,1186,124,1181,155,1185,185,1189,215,1194,246
1934,181,-0.265291,-0.440658,-0.296972,-0.0939686,0.0307617,1222,74,1197,98,1179,128,1176,158,1182,188,1191,218,1199,248
1935,171,-0.361817,-0.605714,-0.276437,-0.152557,0.131495,1214,87,1187,107,1169,135,1170,164,1179,192,1193,220,1203,249
1936,170,-0.463555,-0.692725,-0.382213,-0.285108,0.0919405,1213,99,1185,109,1162,133,1160,161,1169,189,1188,217,1204,246
1937,172,-0.446013,-0.840804,-0.442725,-0.28699,-0.0554059,1211,110,1183,114,1156,132,1152,160,1161,189,1179,216,1200,244
1938,176,-0.271225,-0.745852,-0.724976,-0.340187,-0.269518,1219,119,1190,118,1161,125,1143,152,1147,181,1162,210,1187,237
1939,175,-0.271225,-0.771933,-0.698895,-0.312601,-0.355951,1211,125,1182,124,1153,131,1136,158,1140,187,1154,216,1179,240
1940,171,-0.2467,-0.574212,-0.749606,-0.37863,-0.317927,1210,127,1182,126,1154,132,1131,155,1130,183,1140,211,1161,238
1941,169,-0.106105,-0.446013,-0.737722,-0.386783,-0.377156,1212,128,1184,129,1156,133,1129,151,1122,179,1126,207,1142,235
1942,173,-0.13002,-0.293274,-0.635596,-0.507881,-0.289166,1212,126,1184,129,1155,136,1126,153,1114,181,1117,210,1129,239
1943,169,-0.13815,-0.218576,-0.404799,-0.595429,-0.24854,1216,125,1188,128,1160,135,1132,149,1110,175,1107,203,1111,231
1944,161,-0.287963,-0.190204,-0.28568,-0.451873,-0.354613,1213,126,1187,126,1160,134,1133,148,1109,171,1099,198,1099,225
1945,154,-0.271986,-0.294778,-0.337786,-0.226706,-0.295512,1214,128,1189,125,1163,129,1138,141,1114,165,1099,189,1092,215
1946,167,-0.392965,-0.36327,-0.390614,-0.281679,-0.120531,1217,133,1190,124,1162,126,1134,139,1110,165,1096,193,1086,221
1947,179,-0.488833,-0.41792,-0.517002,-0.321658,-0.0483543,1220,143,1191,125,1161,123,1131,134,1109,160,1097,190,1087,219
1948,181,-0.389616,-0.55089,-0.617222,-0.402407,-0.124262,1218,155,1189,130,1159,120,1129,127,1106,153,1096,183,1090,213
1949,184,-0.297508,-0.631045,-0.659982,-0.522311,-0.193335,1213,165,1189,137,1159,118,1129,120,1102,144,1092,174,1088,205
1950,188,-0.114784,-0.532751,-0.673881,-0.619069,-0.467704,1213,177,1190,148,1164,122,1133,114,1104,127,1087,156,1085,188
1951,191,0.498843,0.701126,0.750542,0.361421,0.0786397,1076,180,1079,149,1100,118,1132,109,1163,125,1190,155,1213,185
1952,180,0.570611,0.604135,0.659971,0.22987,0.0599153,1067,159,1078,130,1105,110,1135,109,1164,130,1190,160,1213,190
1953,175,0.545533,0.663372,0.403896,0.0955449,0.0171967,1062,138,1085,112,1114,103,1143,114,1170,140,1194,168,1218,197
1954,172,0.5686,0.547116,0.325819,0.0375851,0.0173029,1060,124,1087,104,1116,102,1143,116,1169,143,1194,171,1219,200
1955,178,0.510574,0.537924,0.268459,0.00195933,-0.00386772,1058,115,1087,100,1117,101,1145,119,1171,148,1196,176,1223,206
1956,184,0.512842,0.50006,0.14846,9.26387e-05,9.26387e-05,1059,106,1089,96,1120,102,1149,126,1175,155,1201,184,1227,213
1957,191,0.490917,0.437262,0.053875,0.0154703,0.0212633,1060,98,1091,93,1123,104,1153,133,1179,161,1206,191,1231,220
1958,183,0.442136,0.376398,0.0369275,-0.00122835,0.0330647,1064,94,1094,93,1124,106,1151,133,1177,161,1204,190,1231,221
1959,178,0.4466,0.287936,0.053035,-0.0312361,0.0705859,1069,91,1098,93,1128,110,1155,138,1181,168,1205,194,1229,224
1960,183,0.455358,0.231772,0.0422101,0.0171967,0.0165033,1071,90,1101,94,1131,114,1159,144,1183,172,1207,201,1231,231
1961,187,0.419449,0.227163,0.0348196,0.0191477,0.04025,1071,89,1102,95,1132,116,1159,146,1185,177,1210,208,1233,239
1962,185,0.398111,0.197807,0.0192598,0.0405629,0.0367987,1076,90,1106,98,1137,122,1163,152,1188,182,1211,212,1233,243
1963,189,0.32945,0.181352,0.0400749,0.0197638,0.0707108,1077,90,1108,101,1137,124,1165,156,1190,187,1214,218,1234,248
1964,193,0.347474,0.173211,0.0646546,-0.00902761,0.104511,1075,90,1107,101,1138,126,1166,158,1189,188,1214,220,1234,252
1965,191,0.322131,0.212762,0.0358396,0.0355141,0.0423503,1077,92,1108,103,1140,128,1165,158,1189,189,1212,221,1233,253
1966,194,0.320222,0.236045,0.0941751,0.0216889,0.00731462,1076,95,1108,105,1140,128,1165,157,1187,188,1208,219,1230,252
1967,208,0.361386,0.268138,0.100844,0.0069827,0.0550661,1073,96,1107,105,1142,130,1168,162,1191,197,1213,231,1233,266
1968,198,0.306953,0.32947,0.152008,0.0442331,-0.0223678,1070,97,1102,104,1135,123,1163,155,1184,188,1203,221,1223,254
1969,203,0.351778,0.35325,0.18629,-0.0322847,9.26387e-05,1070,97,1103,103,1137,123,1164,156,1182,189,1202,223,1222,257
1970,205,0.378529,0.388613,0.141804,-0.0226004,-0.0570443,1070,95,1104,101,1138,122,1162,155,1180,189,1199,223,1220,256
1971,204,0.408056,0.387942,0.131019,-0.045852,-0.0783177,1070,91,1103,97,1136,119,1159,153,1176,187,1195,221,1217,254
1972,204,0.516842,0.371673,0.0679838,-0.0895541,-0.0209179,1071,89,1104,94,1137,120,1157,154,1174,188,1195,222,1217,256
1973,206,0.485358,0.34457,0.045852,-0.0895541,-0.0476868,1071,85,1105,93,1136,120,1155,154,1172,188,1193,222,1217,257
1974,202,0.502106,0.375626,-0.0601791,-0.057872,-0.0697064,1073,82,1106,91,1136,120,1151,153,1169,187,1189,220,1213,254
1975,200,0.51677,0.227117,-0.0241495,-0.0909413,-0.0279374,1079,81,1112,94,1137,125,1153,158,1170,191,1191,224,1214,258
1976,205,0.526415,0.165056,-0.023159,-0.0663024,-0.0553023,1078,79,1112,94,1136,127,1153,161,1171,195,1192,229,1215,262
1977,208,0.5095,0.110565,-0.0112705,-0.0992014,0.0130488,1080,78,1114,96,1136,130,1153,164,1171,199,1193,233,1215,268
1978,204,0.48761,0.131019,-0.023159,-0.0663024,-0.0209179,1079,77,1111,94,1134,128,1151,162,1169,196,1190,230,1212,264
1979,200,0.446013,0.0466156,9.26536e-05,-0.0909413,-0.00748296,1084,78,1116,100,1135,133,1152,166,1169,199,1190,232,1212,266
1980,204,0.373908,0.0895541,-0.023159,-0.0663024,9.26536e-05,1082,76,1114,100,1135,134,1152,168,1170,202,1191,236,1212,270
1981,211,0.306072,0.0916258,-0.0440427,-0.0211807,9.26536e-05,1081,75,1112,101,1133,134,1151,169,1171,204,1192,239,1213,274
1982,203,0.251897,0.102989,-0.0586632,-0.0307982,9.26536e-05,1082,75,1113,104,1134,137,1151,171,1170,204,1191,238,1212,272
1983,201,0.257389,0.057872,-0.0354115,-0.0223678,0.0130472,1084,77,1114,106,1134,139,1152,173,1171,206,1191,239,1211,273
1984,200,0.184107,0.0672898,-0.0229641,-0.0223678,0.0130472,1085,78,1113,108,1134,141,1152,174,1171,207,1191,240,1211,274
1985,202,0.165993,0.0542471,0.00270454,-0.0570443,0.0442331,1086,80,1113,110,1134,143,1152,175,1171,209,1192,242,1211,275
1986,202,0.158418,0.0293483,0.0130472,0.00922798,-0.00922798,1084,79,1111,109,1133,143,1153,176,1173,210,1192,243,1212,277
1987,202,0.144433,0.0518087,-0.00922798,0.00922798,-0.0307982,1085,81,1113,113,1135,147,1154,180,1174,214,1193,247,1214,281
1988,204,0.142144,0.0424881,-0.0214776,0.0214776,9.26387e-05,1085,82,1112,113,1134,147,1154,181,1175,215,1195,249,1215,283
1989,197,0.14972,9.26536e-05,0.0308253,-0.00896002,0.0223678,1085,84,1112,115,1133,148,1154,181,1173,213,1193,246,1212,279
1990,203,0.0831472,0.0478411,0.0442331,-0.0307982,0.0214776,1083,83,1109,114,1133,148,1154,181,1173,214,1194,248,1214,282
1991,199,0.0769475,0.0418674,0.0217726,0.00896002,0.0133152,1085,86,1112,119,1135,152,1156,185,1176,218,1195,250,1214,283
1992,201,0.0920724,0.0553023,-0.0133422,0.0442331,0.0229641,1084,86,1111,118,1134,151,1155,185,1176,218,1195,251,1213,284
1993,200,0.0350687,0.0146122,0.0619744,0.115183,0.086159,1085,90,1110,121,1134,153,1158,186,1179,219,1195,252,1208,286
1994,200,-0.0157623,0.086597,0.206529,0.209351,0.120147,1081,94,1111,126,1141,157,1167,189,1184,222,1193,255,1198,289
1995,199,0.0155946,0.186856,0.291943,0.224807,0.210811,1083,101,1115,128,1146,155,1172,188,1185,221,1190,254,1188,287
1996,216,0.134229,0.347413,0.303478,0.217115,0.192827,1084,104,1119,125,1154,153,1176,189,1185,225,1186,261,1180,297
1997,221,0.321658,0.377156,0.324915,0.190738,0.130827,1097,109,1133,127,1165,159,1181,196,1184,232,1180,269,1171,306
1998,222,0.372507,0.411786,0.261862,0.161249,0.12955,1108,107,1143,126,1170,158,1181,195,1182,232,1177,269,1167,306
1999,227,0.453374,0.399472,0.156509,0.207404,0.0497348,1117,103,1152,125,1175,162,1181,200,1181,237,1173,275,1163,313
2000,232,0.494904,0.288297,0.206201,0.0289997,0.118215,1128,101,1163,131,1178,170,1181,208,1176,247,1170,285,1159,324
2001,229,0.428313,0.230921,0.157044,0.0765762,0.0497348,1142,104,1169,137,1179,175,1180,213,1175,251,1167,289,1157,327
2002,240,0.420875,0.198148,0.123803,0.0242631,0.0716403,1147,101,1172,138,1179,178,1178,218,1172,258,1165,298,1155,338
2003,234,0.340075,0.153351,0.126266,-0.0248542,0.122168,1157,107,1175,145,1179,184,1177,223,1170,262,1164,301,1153,340
2004,240,0.296663,0.099762,0.0982932,9.26536e-05,0.0716403,1164,110,1177,149,1178,189,1175,229,1168,269,1161,309,1151,349
2005,236,0.201071,0.127749,0.0752968,9.26387e-05,0.0672898,1168,114,1177,153,1178,192,1174,231,1167,270,1160,309,1150,349
2006,257,0.188283,0.092069,0.0264163,0.0187021,-0.0680916,1172,117,1178,159,1176,202,1170,245,1163,287,1155,330,1150,373
2007,239,0.151539,0.0494025,0.0531485,-0.00425785,0.0479761,1175,128,1178,167,1175,207,1170,247,1163,286,1156,326,1147,366
2008,236,0.0766792,0.0757848,9.26325e-05,0.0248542,0.0436256,1177,134,1177,173,1174,212,1168,251,1162,290,1155,329,1146,369
2009,238,0.0739406,0.0277483,0.0456435,0.00425785,0.0436256,1177,138,1176,177,1172,217,1167,256,1160,296,1153,335,1144,375
2010,237,0.0508769,0.0220556,0.0531485,-0.0248542,0.0922367,1177,143,1175,182,1171,221,1166,261,1159,300,1153,339,1143,379
2011,233,0.0233301,0.0252102,0.0289997,0.0456271,0.0243846,1176,152,1173,190,1169,229,1164,268,1158,306,1150,345,1141,384
2012,238,-0.00244541,0.0277483,0.0456435,0.00425785,0.0436256,1176,154,1172,193,1168,233,1163,272,1156,312,1149,351,1140,391
2013,233,-0.00257757,0.0252102,0.0545661,-0.0294263,0.122168,1175,160,1171,198,1167,237,1162,276,1155,314,1149,353,1138,392
2014,237,-0.0252102,0.0220556,0.0531485,-0.0248542,0.0922367,1175,161,1170,200,1166,239,1161,279,1154,318,1148,357,1138,397
2015,238,-0.0277483,0.0277483,0.0456435,0.00425785,0.0672898,1174,166,1169,205,1165,245,1160,284,1153,324,1146,363,1136,403
2016,237,-0.0252102,0.0220556,0.0531485,9.26387e-05,0.0672898,1173,169,1168,208,1164,247,1159,287,1152,326,1145,365,1135,405
2017,239,-0.0277483,0.0245937,0.0531485,-0.00425785,0.0950279,1172,174,1167,213,1163,253,1158,293,1151,332,1144,372,1133,412
2018,236,-0.050645,0.050645,0.049994,9.26387e-05,0.0906774,1170,179,1165,218,1162,257,1157,296,1150,335,1143,374,1132,414
2019,235,-0.0252102,0.0252102,0.049994,9.26387e-05,0.0733139,1170,182,1165,221,1161,260,1156,299,1149,338,1142,377,1132,416
2020,238,-0.0277483,0.0277483,0.0456435,0.0289833,0.0425644,1169,185,1164,224,1160,264,1155,303,1148,343,1140,382,1130,422
2021,238,-0.0277483,0.0277483,0.0456435,0.0289833,0.0425644,1168,190,1163,229,1159,269,1154,308,1147,348,1139,387,1129,427
2022,239,-0.0277483,0.0245937,0.0531485,0.0197067,0.0474904,1167,194,1162,233,1158,273,1153,313,1146,352,1138,392,1128,432
2023,238,0.0220556,-0.0220556,0.0950962,0.00483341,0.0425644,1166,196,1162,235,1157,275,1153,314,1145,354,1137,393,1127,433
2024,237,-0.050645,0.0720254,0.0286136,0.0246328,0.0425644,1165,200,1160,239,1157,278,1151,318,1144,357,1136,396,1126,436
2025,233,-0.0539629,0.0757848,0.00385989,0.0456271,0.0724956,1164,206,1159,244,1156,283,1150,322,1144,360,1136,399,1125,438
2026,239,-0.00244541,0.0245937,0.077874,-0.0289833,0.0950279,1163,206,1159,245,1155,285,1150,325,1142,364,1135,404,1124,444
2027,237,0.0252102,-0.00306191,0.0531485,9.26387e-05,0.0906774,1163,209,1159,248,1154,287,1149,327,1142,366,1135,405,1124,445
2028,236,9.26387e-05,0.0252102,0.049994,0.0246328,0.0425644,1161,213,1157,252,1153,291,1148,330,1141,369,1133,408,1123,448
2029,239,-0.00244541,0.0245937,0.077874,-0.00483341,0.0238262,1160,218,1156,257,1152,297,1147,337,1139,376,1131,416,1122,456
2030,233,0.0233301,0.0252102,0.079894,-0.0298074,0.097221,1159,221,1156,259,1152,298,1147,337,1139,375,1132,414,1121,453
2031,235,9.26387e-05,0.0252102,0.0747194,-0.0246328,0.097221,1159,222,1155,261,1151,300,1146,339,1138,378,1131,417,1120,456
2032,240,0.0228041,0.0245937,0.048798,0.0240572,0.0474904,1157,221,1154,260,1150,300,1145,340,1138,380,1130,420,1120,460
2033,236,-0.0253422,0.0757848,0.0248542,0.0246328,0.0659519,1157,229,1153,268,1150,307,1144,346,1137,385,1129,424,1118,464
2034,250,0.0211441,0.00276939,0.0667769,0.0509174,0.0168271,1156,232,1152,273,1147,315,1142,356,1134,398,1124,439,1113,481
2035,236,0.0253422,0.0252102,0.0747194,-0.0246328,0.0906774,1155,235,1152,274,1148,313,1143,352,1135,391,1128,430,1117,470
2036,244,0.0223007,0.0270091,0.0682531,0.028521,-0.00513682,1154,237,1151,277,1147,318,1142,358,1134,399,1125,439,1116,480
2037,237,-0.0253422,0.0474904,0.0531485,0.0246328,0.0890425,1154,238,1150,277,1147,316,1142,356,1135,395,1127,434,1115,474
2038,237,0.0508769,0.0220556,0.0531485,0.0246328,0.0659519,1152,242,1150,281,1146,320,1141,360,1134,399,1126,438,1115,478
2039,234,0.0233301,9.26387e-05,0.100022,9.26536e-05,0.0485884,1152,245,1149,283,1145,322,1141,361,1133,400,1125,439,1115,478
2040,233,-0.00191942,0.050645,0.0545661,0.0200607,0.0485884,1151,248,1148,286,1145,325,1140,364,1133,402,1125,441,1115,480
2041,233,0.0233301,0.0252102,0.0545661,-0.00447949,0.097221,1151,250,1148,288,1144,327,1139,366,1132,404,1125,443,1114,482
2042,234,-0.00191942,0.050645,0.049994,0.0246328,0.0485884,1150,251,1147,289,1144,328,1139,367,1132,406,1124,445,1114,484
2043,243,9.26325e-05,0.0703575,0.027843,0.0479761,-0.00513682,1149,254,1146,294,1143,334,1137,375,1130,415,1121,455,1112,496
2044,232,0.049531,0.00257757,0.0726266,0.0298074,0.067321,1148,258,1146,296,1142,335,1138,373,1131,412,1123,450,1112,489
2045,232,0.0240962,0.0539629,0.0466761,0.00447949,0.0926489,1147,260,1145,298,1142,337,1137,375,1130,414,1123,452,1112,491
2046,232,0.049531,0.00257757,0.0726266,0.0548681,-0.00566544,1147,262,1145,300,1141,339,1137,377,1130,416,1121,454,1112,493
2047,231,0.0522012,-0.00257757,0.0543025,0.0758624,-0.00566544,1146,265,1144,303,1140,341,1136,380,1130,418,1121,456,1112,495
2048,234,0.0758043,0.0252102,0.0250471,0.0495796,0.0485884,1145,264,1144,302,1140,341,1135,380,1129,419,1121,458,1111,497
2049,231,0.0522012,0.02254,0.0289997,0.0508017,0.0434138,1145,269,1143,307,1139,345,1134,384,1128,422,1120,460,1110,499
2050,225,0.0268099,-0.0282284,0.0816457,0.12955,0.088934,1143,273,1141,310,1138,347,1136,385,1131,422,1121,459,1107,497
2051,236,0.396987,0.895398,0.700747,0.372895,-0.321658,1139,343,1159,382,1162,421,1131,450,1092,452,1053,439,1047,439
2052,174,0.226706,0.305613,0.200218,0.0316601,-0.130092,972,444,1000,430,1029,423,1058,425,1087,433,1116,442,1145,447
2053,201,-0.256059,-0.354167,-0.387595,-0.383549,-0.025637,1102,430,1069,411,1036,402,1002,405,969,422,944,451,917,484
2054,202,-0.465812,-0.430398,-0.287433,-0.0909413,0.138875,1046,385,1013,379,979,389,948,416,927,449,910,482,886,516
2055,212,-0.535327,-0.409111,-0.0730495,0.0491632,0.102114,1003,367,968,374,938,401,922,436,909,471,894,506,874,542
2056,216,-0.683099,-0.314958,9.26536e-05,0.104405,0.167009,969,368,934,382,914,418,907,454,900,490,889,526,871,562
2057,212,-0.559589,-0.249643,0.056849,0.166092,0.143008,939,377,909,404,899,439,898,474,895,509,886,544,871,580
2058,220,-0.572367,-0.212846,0.0808114,0.137672,0.142968,931,385,903,413,895,450,895,486,892,523,884,559,870,596
2059,211,-0.390097,-0.113976,0.0855518,0.194517,0.128724,914,399,897,432,894,467,895,502,893,537,884,572,870,607
2060,214,-0.302434,-0.0562416,0.111612,0.141477,0.238844,906,409,894,444,893,480,894,515,891,551,883,586,865,622
2061,217,-0.298625,9.26536e-05,0.138335,0.160197,0.226303,902,418,892,454,893,490,894,526,890,562,880,598,861,633
2062,211,-0.198249,0.028471,0.224619,0.130832,0.141614,904,429,898,464,899,499,899,534,891,569,878,604,859,639
2063,207,-0.0587139,0.0293106,0.230998,0.208659,0.194087,902,442,901,476,902,510,902,545,894,579,878,613,853,647
2064,209,9.26536e-05,0.0569881,0.201597,0.216147,0.310295,903,455,903,489,903,524,901,559,892,593,874,628,845,657
2065,207,0.0586632,0.169686,0.116181,0.153698,0.414319,902,464,904,498,904,532,898,567,888,601,872,635,841,662
2066,186,0.0643342,0.218035,0.114432,0.0270223,0.270451,910,480,910,510,908,541,899,572,886,603,872,634,847,664
2067,193,0.123664,0.119078,0.214074,0.0923297,0.331141,921,483,920,515,915,547,906,579,889,611,868,643,837,667
2068,201,0.120861,0.168018,0.307866,0.167773,0.26938,925,483,926,516,923,549,914,583,893,616,865,647,832,668
2069,201,0.239224,0.334815,0.365613,0.259041,0.215462,921,498,928,531,927,564,914,598,888,627,856,648,822,661
2070,206,0.344715,0.428051,0.495802,0.301859,0.0885632,921,511,931,545,929,579,911,613,878,635,844,645,809,652
2071,216,0.463555,0.602496,0.490183,0.256692,9.26536e-05,925,516,939,551,936,587,909,620,873,635,837,640,801,645
2072,217,0.601152,0.685094,0.343623,0.187713,-0.0274233,938,528,950,563,940,599,906,623,870,633,834,636,798,640
2073,218,0.671051,0.553021,0.20844,0.0824149,-0.0253129,954,545,954,581,927,615,891,628,855,633,819,635,782,638
2074,202,0.661806,0.376734,0.091731,0.0853876,0.00168354,965,562,955,595,921,619,888,627,854,632,821,634,787,636
2075,209,0.577809,0.235021,0.0525769,0.0599353,-0.0283319,974,573,952,606,917,621,882,627,848,631,813,633,778,636
2076,220,0.488632,0.202871,0.0565631,-0.00140435,-0.0253129,979,582,950,612,913,624,877,628,840,630,804,632,767,635
2077,217,0.414847,0.0812981,0.0827939,9.26536e-05,-0.0827939,979,593,943,618,907,625,871,629,835,630,799,631,763,635
2078,226,0.364632,0.0498306,0.0808114,-0.0539088,-0.0507828,975,601,938,621,900,626,863,629,825,629,788,631,750,635
2079,230,0.270991,0.0260003,0.0261082,0.0261807,-0.0503695,971,606,933,621,895,625,857,628,819,630,781,631,742,634
2080,231,0.229096,0.00125324,-0.0535471,0.0522012,0.00125324,963,611,925,622,887,624,848,626,810,630,772,632,733,634
2081,235,0.126266,-0.0254421,9.26536e-05,9.26536e-05,9.26536e-05,957,614,918,621,879,623,840,626,801,629,762,632,723,635
2082,237,0.101781,-0.0242303,-0.0774585,0.050645,-0.0228041,952,616,913,621,874,622,834,624,795,629,756,632,716,636
2083,233,0.026855,-0.0255091,-0.0535471,0.00257757,-0.0252102,946,618,908,620,869,621,830,623,792,627,753,631,714,636
2084,234,0.000581655,-0.0255091,-0.0508769,9.26387e-05,-0.0252102,940,619,902,620,863,621,824,623,785,627,746,631,707,636
2085,229,9.26536e-05,-0.0261807,-0.0781517,0.0781517,-0.103926,933,619,895,620,857,621,819,623,781,628,743,630,705,636
2086,228,-0.0262171,-0.0784746,9.26536e-05,9.26536e-05,-0.0258578,926,619,889,619,851,620,813,624,775,628,737,632,699,637
2087,230,-0.0524904,-0.0781517,9.26387e-05,0.0519508,-0.0486329,924,617,886,617,848,619,810,624,772,629,734,632,695,637
2088,232,-0.0503695,-0.0797373,0.0289997,0.0486329,-0.0486329,917,615,879,616,840,619,802,625,763,630,725,633,686,638
2089,224,-0.0805768,-0.0265389,-0.0263486,0.0529802,-0.0230449,908,614,871,615,834,619,797,624,760,630,723,634,685,639
2090,229,-0.130735,-0.0512483,0.0254738,0.0516323,-0.0258578,906,612,868,612,830,617,792,624,754,630,716,634,678,639
2091,227,-0.103714,-0.0256818,-0.00406821,0.0298427,9.26387e-05,900,611,863,612,825,617,787,623,750,629,712,634,674,639
2092,230,-0.0781517,-0.0512483,0.0254738,0.0256818,0.00322518,895,610,857,612,819,617,781,624,743,630,705,635,666,640
2093,231,-0.103926,-0.0209016,0.0209016,0.0256818,0.028528,892,609,854,611,816,617,777,624,739,630,701,635,662,639
2094,229,-0.0777253,-0.0758624,0.101637,0.0258578,-0.0258578,887,608,849,611,811,617,773,626,735,631,697,635,659,640
2095,231,-0.12862,0.00508194,0.0456271,0.0777253,-0.0486329,883,607,845,610,807,618,768,626,730,632,692,635,653,640
2096,232,-0.123445,-0.0301427,0.079815,0.0217293,0.028528,881,606,843,609,804,617,766,626,727,632,689,637,650,641
2097,231,-0.102527,-0.01921,0.0445379,0.0771987,0.00257757,874,605,836,609,798,617,759,626,721,633,683,637,644,641
2098,228,-0.0997137,-0.0249681,0.050296,0.0771987,-0.0258578,869,605,832,609,794,617,756,626,718,633,680,637,642,642
2099,222,-0.125865,0.0252617,0.0777539,0.0529802,0.0535957,862,603,826,608,789,618,752,627,715,633,678,637,641,639
2100,226,-0.0341325,0.203672,0.185934,0.23947,0.325318,852,595,815,611,777,629,740,638,702,640,665,633,633,615
2101,193,-0.476293,-0.350371,-0.30961,-0.287963,-0.269813,642,594,662,626,694,645,726,651,758,647,790,633,822,607
2102,189,-0.461414,-0.615025,-0.49408,-0.286416,-0.436631,663,577,661,608,674,639,706,659,737,661,768,654,799,630
2103,199,-0.354979,-0.414766,-0.800774,-0.505896,-0.318385,686,553,669,586,665,619,675,652,708,669,741,668,774,656
2104,191,-0.182907,-0.257321,-0.495883,-0.817314,-0.412318,703,536,682,567,668,599,663,631,674,662,706,676,738,676
2105,185,-0.156189,-0.0521804,-0.226706,-0.594382,-0.832645,717,518,695,548,679,579,665,610,659,640,672,671,703,682
2106,190,-0.00451561,-0.00965217,-0.0623262,-0.463555,-0.805711,727,499,709,529,690,561,672,592,656,624,656,655,681,679
2107,180,-0.0390873,0.0460639,-0.0950843,-0.193706,-0.702164,737,491,717,520,698,550,677,580,660,610,650,640,662,670
2108,185,0.0233406,0.00731462,0.0152234,-0.159972,-0.610482,745,479,726,509,706,539,685,570,664,600,649,631,654,662
2109,186,-0.0146236,0.045464,0.0428173,-0.0428173,-0.404133,755,463,736,493,717,524,696,555,673,586,652,617,646,648
2110,191,-0.0139493,0.0226954,0.100114,9.26536e-05,-0.299943,762,451,743,482,724,514,704,546,680,577,656,608,644,640
2111,191,-0.0376398,0.0701727,0.100114,0.055192,-0.164145,769,439,751,470,734,502,714,534,690,565,664,595,645,626
2112,190,-0.0131774,0.0614266,0.0732535,0.109523,-0.0739164,776,428,759,459,742,491,723,522,700,554,673,584,649,615
2113,192,-0.0131774,0.0239629,0.110717,0.0907987,0.00235832,782,419,765,450,748,482,730,514,707,546,681,576,654,607
2114,195,-0.0486492,0.0356065,0.0591599,0.142162,0.0675036,790,406,772,438,756,470,738,503,718,535,691,567,662,597
2115,203,0.0131224,0.0237124,0.0811237,0.12235,0.133383,796,390,781,423,765,457,748,491,728,524,702,557,669,589
2116,199,-0.0489751,0.0247329,0.115183,0.0815101,0.16922,802,387,785,420,770,453,754,486,733,519,708,552,676,582
2117,201,-0.0241495,0.0121019,0.0356065,0.129357,0.172901,809,377,792,410,776,443,759,477,741,510,717,543,686,573
2118,208,-0.0114011,-0.0122186,0.0574075,0.0973239,0.190546,816,364,799,398,782,433,766,467,747,502,724,536,694,566
2119,205,-0.046964,9.26536e-05,0.0237124,0.110565,0.163418,822,356,804,390,788,424,772,458,755,492,733,526,703,559
2120,209,-0.0346527,-0.0232832,0.0109719,0.100484,0.195745,827,348,809,382,792,417,776,452,760,486,739,521,710,553
2121,210,-0.0580286,9.26536e-05,9.26536e-05,0.068472,0.223536,832,339,814,373,798,408,782,443,766,478,747,513,718,546
2122,207,9.26536e-05,-0.0109719,-0.0380783,0.118893,0.213294,835,333,819,367,803,401,787,436,773,470,754,504,724,538
2123,210,-0.0348581,0.0237936,-0.0237936,0.114162,0.151905,840,324,824,358,809,393,793,428,778,463,758,498,731,532
2124,209,-0.0819148,9.26325e-05,0.0105077,0.059426,0.163811,845,317,827,351,812,386,797,421,782,455,764,490,738,525
2125,210,-0.0586632,0.0237936,-0.048179,0.048179,0.172203,848,309,831,343,816,378,800,413,786,448,770,483,746,518
2126,211,-0.0461401,-0.048179,-0.0247778,0.0247778,0.180564,852,300,834,335,818,370,804,405,791,440,777,475,755,510
2127,208,-0.0992014,-0.0843111,-0.0860035,-0.0183668,0.0694918,858,296,836,330,818,365,804,399,793,434,783,468,770,503
2128,207,-0.069668,-0.184881,-0.211199,-0.139947,-0.0604143,874,292,845,323,819,355,800,390,790,424,785,458,782,493
2129,198,-0.108483,-0.120724,-0.271183,-0.305911,-0.211191,888,291,856,315,825,344,799,375,784,408,780,441,783,474
2130,196,-0.0701043,-0.0852018,-0.227817,-0.325819,-0.393452,903,286,871,306,838,330,808,356,784,389,774,421,777,454
2131,191,-0.0308105,9.26536e-05,-0.204549,-0.308838,-0.35202,913,281,882,300,850,321,818,342,790,370,774,401,770,433
2132,192,0.0135843,-0.0461172,-0.0848091,-0.232464,-0.391761,927,274,896,292,864,310,832,330,800,354,775,384,765,416
2133,197,-0.0839742,-0.0223678,-0.0136427,-0.139211,-0.421348,940,268,908,283,875,302,842,322,810,342,779,368,763,401
2134,196,-0.0356065,-0.0129501,0.0129501,-0.102848,-0.373006,945,264,913,280,880,298,848,316,815,334,783,356,762,387
2135,209,-0.216147,9.26387e-05,0.0112705,-0.0336025,-0.287963,967,260,933,269,898,287,863,305,829,322,794,341,763,372
2136,195,-0.0511445,0.0121019,0.0130239,9.26536e-05,-0.224774,965,254,933,268,901,284,868,300,836,315,804,330,772,355
2137,200,9.26387e-05,9.26387e-05,0.025306,-0.025306,-0.187943,971,250,938,265,905,280,872,295,839,309,806,324,772,348
2138,203,-0.0141706,9.26536e-05,0.0141706,-0.0141706,-0.0940075,980,245,947,259,913,274,879,289,846,303,812,318,778,337
2139,202,-0.0401286,0.0401286,-0.0401286,0.0401286,-0.111536,988,241,955,254,921,269,888,282,854,297,821,310,787,328
2140,204,-0.0152436,9.26536e-05,0.0253129,-0.050198,9.26536e-05,995,237,962,250,928,264,894,278,860,291,826,306,792,321
2141,199,9.26536e-05,9.26536e-05,9.26536e-05,9.26536e-05,-0.0258653,1002,233,969,246,936,259,903,272,870,285,837,298,804,312
2142,200,-0.0534276,9.26536e-05,9.26536e-05,0.0264072,-0.0417434,1010,230,977,241,944,254,911,267,878,280,845,292,811,306
2143,198,-0.0164075,9.26536e-05,9.26536e-05,0.0264072,9.26325e-05,1014,226,982,238,949,251,916,264,883,277,850,289,817,301
2144,206,-0.0522076,9.26536e-05,9.26536e-05,0.0258162,-0.0162506,1027,222,993,233,959,246,925,259,891,272,857,284,822,297
2145,203,-0.0433582,9.26536e-05,0.0163378,-0.0163378,0.0522076,1031,219,998,230,964,243,930,256,897,268,863,281,829,292
2146,198,-0.0175823,-0.0264072,0.0264072,0.0269278,-0.0269278,1037,216,1005,227,972,239,939,252,906,264,873,275,840,287
2147,198,-0.0440821,0.0264072,9.26325e-05,9.26325e-05,0.0269278,1040,213,1008,224,975,237,942,249,909,261,876,273,843,284
2148,197,0.00990701,9.26325e-05,0.0175823,-0.0175823,0.0269278,1045,210,1013,222,980,234,947,246,915,257,882,269,849,280
2149,197,-0.0164075,0.0264072,0.0175823,0.00925287,-0.0269278,1051,206,1019,218,986,231,953,243,921,254,888,265,855,277
2150,197,-0.0164075,0.0264072,0.0175823,0.00925287,-0.0269278,1055,203,1023,215,990,228,957,240,925,251,892,262,859,274
2151,206,9.26536e-05,9.26536e-05,9.26536e-05,9.26536e-05,0.00890261,1067,199,1033,211,999,223,965,235,931,247,897,259,862,271
2152,198,-0.0440821,0.0534276,9.26387e-05,-0.0269278,-0.0264072,1070,196,1038,207,1005,220,972,231,939,242,906,254,873,267
2153,203,-0.0174494,9.26536e-05,-0.00938574,0.00938574,9.26536e-05,1077,193,1044,204,1010,216,976,228,943,240,909,252,875,264
2154,204,-0.0449654,9.26536e-05,9.26536e-05,-0.0258162,0.0258162,1084,190,1051,200,1017,212,983,224,949,236,915,249,881,261
2155,196,0.00990701,0.0175823,-0.0175823,-0.037019,0.0640395,1079,188,1047,200,1014,212,982,223,949,235,917,248,884,259
2156,210,-0.0441533,-0.0501164,0.0501164,-0.0501164,0.0501164,1100,182,1066,192,1031,204,996,218,961,230,926,244,891,256
2157,199,-0.0544438,-0.0264072,9.26536e-05,0.0264072,9.26325e-05,1093,182,1060,192,1027,204,994,217,961,230,928,242,895,254
2158,188,-0.0282621,9.26536e-05,9.26536e-05,9.26536e-05,0.0381449,1090,180,1059,191,1028,203,997,215,966,227,935,239,903,250
2159,200,9.26387e-05,-0.0534276,9.26536e-05,9.26536e-05,0.0358856,1102,176,1069,187,1036,198,1003,211,970,224,937,237,903,249
2160,186,-0.0177962,0.0282621,-0.0560078,0.0276531,0.0282621,1097,175,1067,186,1036,198,1005,209,974,222,943,234,912,245
2161,187,-0.0282621,0.0282621,-0.0560078,0.0560078,-0.0282621,1101,173,1070,184,1039,196,1008,207,977,220,946,231,915,243
2162,191,-0.0176991,9.26536e-05,-0.0382161,0.0382161,0.0557931,1107,170,1076,181,1044,193,1012,205,981,218,949,230,917,240
2163,188,9.26536e-05,9.26536e-05,9.26536e-05,9.26536e-05,0.0663561,1109,167,1078,179,1047,191,1016,203,985,215,954,227,922,237
2164,186,0.0110801,9.26536e-05,9.26536e-05,9.26536e-05,0.0571989,1111,165,1081,177,1050,189,1019,201,988,213,957,225,926,235
2165,191,-0.0448111,0.0546939,-0.0658907,0.0382161,0.0275819,1121,162,1090,173,1058,186,1026,197,995,210,963,222,931,233
2166,191,-0.0176991,9.26536e-05,-0.0104703,0.0104703,0.0275819,1124,160,1093,171,1061,183,1029,195,998,207,966,219,934,230
2167,194,-0.0557931,9.26536e-05,-0.0270193,0.0270193,0.0369275,1129,158,1097,168,1065,180,1033,192,1001,205,969,217,936,228
2168,189,-0.0282621,0.0381449,-0.0381449,-0.0276531,0.0658907,1129,156,1098,167,1067,179,1035,190,1004,202,973,215,941,226
2169,190,-0.0466359,0.0176991,-0.0176991,-0.0382161,0.0658907,1134,154,1103,164,1071,176,1040,187,1008,199,977,212,945,223
2170,198,-0.1037,9.26325e-05,9.26325e-05,9.26325e-05,9.26325e-05,1146,152,1114,160,1081,172,1048,184,1015,196,982,208,949,220
2171,193,9.26387e-05,9.26387e-05,-0.0275819,0.0275819,9.26387e-05,1141,151,1109,162,1077,173,1045,184,1013,196,981,207,949,218
2172,197,-0.0457935,0.0269278,-0.0369275,-0.0164075,0.0809436,1149,148,1117,158,1084,170,1051,181,1019,193,986,206,953,216
2173,192,-0.0761231,0.0275819,-0.0275819,9.26536e-05,0.0557931,1146,148,1115,157,1083,169,1051,180,1019,192,987,204,955,214
2174,185,-0.0191357,9.26536e-05,-0.0103732,0.0103732,0.0288442,1145,147,1115,157,1084,168,1053,179,1023,190,992,201,961,211
2175,182,-0.0296016,9.26325e-05,9.26325e-05,9.26325e-05,0.03931,1146,145,1116,155,1086,166,1056,177,1026,188,996,199,965,209
2176,179,0.0102163,-0.0296016,0.0192927,-0.0483543,0.0586632,1148,144,1119,154,1089,164,1059,175,1030,185,1000,197,970,207
2177,177,-0.0996899,-0.114503,-0.0408027,-0.0289864,0.0408202,1151,148,1122,152,1093,159,1063,170,1034,182,1005,195,975,207
2178,183,-0.199027,-0.124524,-0.189229,-0.18397,-0.0460639,1163,156,1133,152,1103,154,1072,160,1042,172,1012,191,982,212
2179,176,-0.133674,-0.171845,-0.1679,-0.318552,-0.266832,1163,161,1134,154,1105,151,1076,153,1047,160,1018,178,992,206
2180,192,-0.00574386,-0.0917785,-0.186861,-0.292313,-0.363724,1181,164,1150,158,1118,152,1086,149,1054,152,1022,165,993,192
2181,184,-0.0373898,-0.0601518,-0.131823,-0.196892,-0.343642,1176,163,1146,157,1115,152,1085,149,1054,150,1024,157,993,177
2182,185,-0.0367328,9.26536e-05,-0.128231,-0.128231,-0.268664,1180,162,1150,157,1119,153,1088,149,1058,149,1027,153,996,166
2183,184,0.196083,0.0976552,0.0949096,0.00413565,-0.00413565,1001,158,1031,150,1062,148,1092,149,1123,153,1153,157,1184,161
2184,187,0.0959837,0.0965811,0.0638037,-0.0317568,0.0633467,1005,153,1036,149,1067,148,1098,150,1129,154,1160,157,1191,162
2185,185,0.0987224,0.0641342,0.00310222,-0.00310222,0.0317568,1011,150,1041,148,1072,149,1103,152,1133,155,1164,158,1195,162
2186,179,0.0332283,0.066255,0.0033203,-0.0033203,0.0327902,1020,148,1049,148,1079,149,1109,152,1138,155,1168,158,1198,162
2187,176,0.0687638,9.26387e-05,0.0341325,0.0338919,-0.00442199,1029,148,1058,148,1087,150,1116,152,1145,155,1174,159,1204,163
2188,175,0.0342947,9.26387e-05,0.068117,-0.0338919,0.0338919,1033,147,1062,148,1091,150,1120,152,1149,156,1178,159,1207,163
2189,169,-0.0353356,9.26536e-05,0.0353356,9.26536e-05,0.0698805,1043,146,1071,149,1099,151,1127,153,1155,156,1183,159,1211,164
2190,169,0.0353356,-0.0353356,0.0353356,0.0350687,0.0347191,1046,146,1074,148,1102,151,1130,153,1158,156,1186,160,1214,165
2191,166,0.032704,-0.0696229,0.104784,-0.0311472,0.134229,1052,146,1079,148,1107,151,1134,152,1162,156,1189,159,1217,166
2192,164,9.26536e-05,-0.0366255,0.0730467,9.26387e-05,0.131129,1055,144,1082,147,1109,150,1136,152,1163,156,1190,160,1218,168
2193,167,-0.0762825,9.26536e-05,0.00382889,0.065959,0.166222,1054,141,1081,146,1109,149,1137,152,1164,155,1192,160,1220,170
2194,166,-0.00630931,-0.102677,0.102677,0.0418674,0.135944,1057,139,1084,144,1112,149,1139,151,1167,156,1194,162,1221,172
2195,162,-0.0428173,9.26387e-05,9.26387e-05,0.0714979,0.168114,1057,137,1083,142,1110,146,1137,150,1164,154,1191,160,1218,171
2196,165,-0.0359398,-0.00508865,0.00508865,0.106503,0.209881,1055,136,1082,141,1109,145,1137,149,1164,153,1191,160,1219,174
2197,168,0.0341947,-0.0355157,0.106105,0.262902,0.380414,1058,141,1085,142,1113,144,1141,145,1169,149,1197,161,1222,186
2198,174,0.0735346,0.102989,0.362452,0.402356,0.328365,1065,145,1093,140,1122,137,1151,137,1180,148,1205,172,1220,201
2199,182,0.309147,0.296972,0.406261,0.402385,0.167397,1068,143,1098,130,1128,127,1158,133,1187,153,1206,183,1219,214
2200,178,0.331967,0.449667,0.390037,0.226648,0.0951655,1076,129,1105,119,1135,119,1164,133,1190,162,1206,191,1219,221
2201,181,0.486807,0.361866,0.232912,0.190342,0.0830486,1083,114,1113,109,1143,119,1170,141,1193,171,1208,201,1220,231
2202,185,0.476375,0.328443,0.154974,0.134166,0.0792953,1086,104,1116,104,1147,120,1172,146,1193,176,1209,207,1222,238
2203,178,0.382696,0.216473,0.0904261,0.102565,0.0136051,1097,95,1126,104,1153,126,1176,155,1195,184,1210,213,1225,243
2204,178,0.34498,0.121542,0.0862307,0.0361609,0.0951655,1105,92,1134,107,1160,135,1181,164,1199,194,1215,223,1228,253
2205,177,0.278207,0.0381769,0.0306305,0.116263,0.0546471,1113,92,1141,113,1163,142,1184,172,1203,201,1217,229,1230,259
2206,178,0.171422,0.0526534,0.0153407,0.114717,0.0982222,1120,95,1147,121,1169,151,1188,180,1207,210,1221,239,1232,269
2207,183,0.0236952,0.0703872,0.086883,0.208373,0.0691036,1125,101,1150,130,1173,158,1195,189,1212,218,1222,248,1230,279
2208,184,0.0411211,0.192122,0.213554,0.264435,-0.0272689,1127,113,1154,137,1183,165,1204,195,1217,226,1221,256,1226,287
2209,194,0.262405,0.31127,0.164076,0.211656,0.00179414,1135,121,1167,141,1194,170,1209,202,1218,234,1220,266,1222,299
2210,209,0.346446,0.365109,0.132195,0.14592,-0.0569881,1147,124,1179,145,1203,177,1213,212,1218,246,1218,281,1220,316
2211,208,0.487149,0.230127,0.0890743,0.0854126,-0.028471,1161,124,1192,149,1207,184,1213,218,1216,253,1216,287,1217,322
2212,216,0.392163,0.160197,0.0827939,0.027678,-0.027678,1175,125,1200,157,1210,193,1214,229,1215,265,1215,301,1216,337
2213,215,0.294759,0.108814,0.0544849,0.028471,9.26536e-05,1185,127,1203,161,1210,197,1213,233,1214,268,1214,304,1214,340
2214,219,0.232793,0.110893,0.0269278,-0.027678,0.000657534,1192,130,1206,166,1211,202,1212,239,1212,275,1213,311,1214,348
2215,221,0.163982,0.053791,0.0269278,9.26536e-05,-0.0269278,1199,137,1208,173,1211,210,1212,247,1212,283,1212,320,1213,357
2216,219,0.110143,0.027678,9.26536e-05,9.26536e-05,-0.0539088,1205,151,1210,187,1211,223,1211,260,1211,296,1211,332,1213,369
2217,219,0.0276352,0.027678,9.26536e-05,-0.027678,-0.0261382,1207,158,1209,194,1210,230,1210,267,1210,303,1211,339,1213,376
2218,217,0.027678,9.26536e-05,-0.027678,9.26536e-05,-0.0276352,1208,170,1209,206,1209,242,1209,278,1210,314,1211,350,1213,386
2219,217,9.26536e-05,-0.027678,9.26536e-05,9.26536e-05,-0.0276352,1208,176,1208,212,1208,248,1209,284,1210,320,1211,356,1213,392
2220,215,-0.028471,-0.027678,-0.057642,0.0854126,-0.0554059,1208,187,1207,222,1207,258,1208,294,1211,329,1211,365,1213,401
2221,218,-0.0554486,9.26536e-05,-0.0276352,9.26536e-05,0.0283854,1207,195,1206,231,1207,267,1208,303,1210,339,1212,375,1213,412
2222,216,-0.0839695,9.26536e-05,9.26536e-05,9.26536e-05,0.0276352,1205,202,1204,237,1206,273,1208,309,1210,345,1212,381,1213,417
2223,216,-0.0562416,-0.0552779,9.26536e-05,0.0552779,-0.0552779,1204,208,1203,243,1204,279,1207,315,1210,351,1211,387,1214,423
2224,216,-0.0554059,-0.0275501,-0.0274233,0.110565,-0.0830486,1202,219,1202,254,1204,290,1207,326,1211,362,1211,398,1214,434
2225,212,-0.113976,-0.0281941,0.0281941,0.0283319,0.00148962,1201,227,1200,262,1203,297,1207,332,1210,367,1212,402,1214,438
2226,219,-0.0552779,-0.024456,-0.0028747,0.0827939,-0.0261382,1199,232,1200,268,1203,304,1207,341,1211,377,1212,413,1214,450
2227,222,-0.134229,0.0265389,9.26536e-05,0.0535957,9.26536e-05,1198,240,1198,276,1203,313,1207,350,1211,387,1213,424,1215,461
2228,214,-0.10935,0.0241214,0.00304213,0.0534838,-0.0259678,1196,245,1197,280,1202,316,1206,351,1210,387,1212,422,1215,458
2229,219,-0.0824149,0.00359193,0.0235716,0.0550661,0.00140435,1195,252,1197,288,1202,324,1207,361,1211,397,1213,433,1215,470
2230,207,-0.0579122,-0.0236734,0.0525769,0.0582603,0.00158239,1193,263,1196,297,1201,331,1207,366,1211,400,1213,434,1215,469
2231,212,-0.0841803,9.26536e-05,0.0558936,0.0281941,0.0299141,1192,267,1195,302,1201,337,1207,372,1211,407,1214,442,1216,478
2232,212,-0.0277886,9.26536e-05,0.0558936,0.0281941,0.0299141,1190,274,1195,309,1201,344,1207,379,1211,414,1214,449,1216,485
2233,211,-0.0277886,9.26536e-05,0.0277886,0.0562991,0.0283319,1189,278,1194,313,1200,348,1206,383,1211,418,1214,453,1216,488
2234,215,-0.0766792,0.0534276,0.023159,0.0863059,-0.0550661,1189,289,1194,324,1202,360,1208,396,1213,431,1215,467,1219,503
2235,211,-0.0275246,9.26387e-05,0.0554059,0.0562991,0.0283319,1187,288,1193,323,1200,358,1207,393,1212,428,1215,463,1217,498
2236,203,0.00588507,9.26325e-05,0.0823289,0.0325236,0.0291589,1187,302,1194,335,1201,369,1208,403,1212,436,1215,470,1217,504
2237,207,-0.0279528,0.0336025,0.0512906,0.0579122,0.0593511,1186,304,1193,338,1201,372,1208,407,1213,441,1216,475,1217,510
2238,208,-0.0215733,0.0215733,0.0610555,0.053797,0.0308339,1186,310,1193,344,1201,379,1208,413,1213,448,1216,482,1218,517
2239,202,0.00665261,0.0219751,0.062918,0.0853876,-0.0273827,1185,316,1193,349,1201,383,1208,416,1213,450,1215,483,1218,517
2240,198,-0.0223856,9.26325e-05,0.0873718,0.0596189,9.26536e-05,1185,321,1192,353,1200,386,1208,419,1213,452,1216,485,1219,518
2241,204,-0.0208423,0.055633,0.0569403,0.0579122,9.26536e-05,1184,325,1192,358,1201,392,1208,426,1213,460,1216,494,1219,528
2242,201,-0.0571365,0.0631142,0.0230991,0.089101,0.0318114,1185,330,1192,363,1201,396,1208,430,1214,463,1217,496,1219,530
2243,203,0.0350687,9.26536e-05,0.0806266,0.0622714,0.0291589,1184,336,1193,369,1201,403,1209,437,1214,470,1217,504,1219,538
2244,200,9.26387e-05,0.0571365,0.0585589,0.0596189,0.00255986,1184,340,1193,373,1202,406,1209,439,1214,472,1217,505,1220,539
2245,204,0.035371,0.055633,0.0569403,0.0579122,9.26536e-05,1184,345,1194,378,1203,412,1210,446,1215,480,1218,514,1221,548
2246,196,0.0649563,-0.00705008,0.0945146,0.056802,0.00272424,1184,349,1194,381,1202,414,1210,446,1215,479,1218,511,1221,544
2247,192,0.00829485,0.0587171,0.0299171,0.0917785,0.0621443,1185,357,1194,388,1203,420,1210,452,1216,484,1219,516,1220,548
2248,188,-0.0560078,0.144433,0.0925485,0.192067,0.122657,1182,363,1193,394,1206,425,1214,456,1219,487,1218,518,1213,550
2249,182,0.131419,0.243666,0.165056,0.229139,0.221337,1185,375,1203,405,1216,435,1221,465,1221,495,1214,525,1199,556
2250,169,0.300584,0.173579,0.213112,0.232344,0.352216,1200,387,1217,415,1224,443,1226,471,1222,499,1211,527,1187,554
2251,171,0.232344,0.210661,0.209351,0.334815,0.291527,1215,395,1226,423,1230,451,1228,480,1220,508,1201,535,1173,557
2252,171,0.209187,0.239624,0.259537,0.321658,0.205303,1226,404,1233,432,1234,460,1228,489,1214,517,1191,540,1162,559
2253,162,0.149007,0.243956,0.324615,0.285745,0.0435304,1236,423,1237,449,1234,476,1224,503,1203,529,1177,547,1150,564
2254,160,0.106246,0.310738,0.311769,0.270959,-0.0409211,1239,434,1237,460,1232,487,1218,513,1193,537,1167,551,1140,567
2255,157,0.221634,0.351279,0.265138,0.191955,-0.0595381,1238,445,1236,471,1228,497,1209,522,1183,542,1157,555,1131,570
2256,151,0.282031,0.372354,0.121561,0.149564,-0.0928069,1238,460,1233,485,1220,510,1196,531,1171,548,1146,560,1121,575
2257,152,0.278207,0.30796,0.134229,0.0928069,-0.131462,1238,466,1230,491,1214,515,1189,535,1164,550,1139,562,1113,579
2258,146,0.426535,0.197303,0.0293106,0.0948591,-0.105573,1233,478,1224,502,1202,524,1178,540,1154,555,1130,567,1105,583
2259,159,0.419466,0.167082,-0.0273266,0.0557033,0.0160872,1232,480,1220,506,1196,527,1170,543,1144,560,1118,575,1091,590
2260,148,0.362234,0.0911785,-0.0106212,0.0727978,-0.100661,1228,488,1213,512,1188,531,1164,546,1139,562,1115,575,1090,592
2261,153,0.277332,0.0707035,0.00966842,0.028801,-0.0385621,1227,489,1209,513,1184,532,1158,549,1133,565,1108,580,1082,597
2262,150,0.206706,0.0835109,-0.0566645,0.0865957,-0.0865957,1222,496,1201,519,1176,537,1151,552,1126,569,1101,583,1076,600
2263,156,0.179761,9.26536e-05,0.0263777,0.0557033,-0.028284,1221,497,1198,520,1172,538,1146,556,1120,573,1094,588,1068,604
2264,157,0.0716917,0.0707035,9.26536e-05,0.0557033,-0.028284,1216,501,1191,523,1166,542,1140,559,1114,576,1088,591,1062,607
2265,160,0.0710849,0.0519125,-0.0340404,0.119173,-0.0678875,1213,503,1187,525,1161,544,1135,561,1108,580,1082,594,1055,611
2266,162,0.0236255,0.0676004,-0.0251121,0.134762,9.26387e-05,1206,507,1180,528,1154,548,1127,566,1100,585,1073,599,1046,613
2267,167,0.0662404,0.168162,0.130358,0.228706,0.0332283,1197,504,1176,529,1152,554,1125,574,1098,589,1070,597,1042,604
2268,178,0.202229,0.300985,0.3122,0.188283,0.169557,1188,508,1174,536,1152,564,1123,584,1093,593,1064,596,1034,594
2269,190,0.406406,0.397792,0.275764,0.157811,0.120828,1183,521,1170,552,1142,579,1111,591,1079,594,1048,592,1016,586
2270,198,0.499715,0.378653,0.240293,0.0897468,0.0585589,1182,537,1164,569,1132,589,1099,595,1066,593,1033,588,1000,581
2271,191,0.558507,0.182467,0.222239,0.0553519,0.0295283,1177,558,1150,586,1118,594,1086,596,1055,591,1023,584,991,576
2272,202,0.0219751,-0.0219751,-0.120923,-0.208538,-0.446013,973,572,1006,579,1040,587,1073,594,1107,597,1140,593,1173,572
2273,202,-0.00588507,0.0346981,-0.0630711,-0.204873,-0.282515,962,570,995,577,1029,584,1062,592,1096,598,1129,597,1163,586
2274,207,-0.0279528,0.0215733,0.00628685,-0.142991,-0.28531,949,566,983,574,1017,581,1052,589,1086,597,1120,600,1155,593
2275,202,-0.00665261,-0.0219751,0.0496553,-0.108307,-0.238286,945,564,978,572,1012,580,1045,587,1079,596,1112,601,1146,598
2276,220,0.185075,-0.0207977,0.0718231,-0.0452021,-0.137672,915,565,951,566,988,574,1024,581,1061,591,1097,599,1134,602
2277,202,0.0230991,0.00588507,0.0219751,0.00665261,-0.0630711,918,560,951,566,985,573,1018,580,1052,588,1085,596,1119,602
2278,208,-0.0326825,0.0610555,0.0485521,-0.0205067,-0.0336025,906,559,940,565,975,570,1009,577,1044,586,1078,594,1113,601
2279,211,0.0277886,0.0275246,0.027223,9.26536e-05,0.0268861,891,556,926,561,961,567,996,574,1031,582,1066,590,1101,599
2280,211,9.26387e-05,0.0554059,9.26387e-05,0.027223,0.0534958,881,555,916,560,951,565,986,572,1021,579,1056,587,1091,597
2281,207,-0.0285673,0.0236734,0.0331743,9.26325e-05,0.0485521,880,554,914,560,948,565,983,571,1017,578,1051,585,1086,594
2282,212,0.0277886,-0.0277886,0.0277886,0.0275246,0.0734586,867,552,902,557,937,563,972,568,1007,574,1042,581,1078,591
2283,228,0.0488194,9.26536e-05,9.26536e-05,0.0254738,0.0750628,844,549,881,553,919,559,957,565,995,571,1033,578,1071,588
2284,216,0.051264,-0.02705,9.26536e-05,0.02705,0.0797373,849,550,884,554,920,560,956,565,992,570,1028,576,1064,585
2285,210,-0.0607875,0.0280124,9.26387e-05,0.0277886,0.0275246,847,548,881,554,916,558,951,563,986,568,1021,574,1056,581
2286,215,-0.0311472,0.0272561,0.00379838,-0.0311472,0.107919,832,547,867,552,903,556,939,561,974,566,1010,570,1046,578
2287,214,-0.0311472,0.0311472,-0.0311472,0.00304213,0.0781634,826,546,861,551,897,555,932,560,968,564,1003,568,1039,575
2288,234,0.0726266,-0.0752968,0.0252102,-0.050645,0.100732,801,542,839,546,878,553,917,557,956,562,995,565,1034,572
2289,217,-0.0272561,0.0272561,-0.0547721,9.26536e-05,0.0547721,812,544,848,549,884,553,920,558,956,561,992,564,1028,569
2290,233,0.0476797,-0.0250471,-0.02254,-0.0535471,0.10132,787,540,825,544,864,550,903,555,941,559,980,561,1019,567
2291,231,-0.0258578,0.02254,-0.0486329,9.26387e-05,0.0233301,787,541,825,546,863,550,902,555,940,558,978,561,1017,565
2292,231,9.26387e-05,-0.028528,-0.0233301,-0.0261082,0.049531,780,540,818,545,856,550,895,554,933,557,971,559,1010,563
2293,223,9.26387e-05,-0.0263486,-0.107208,-0.0539482,0.107832,781,539,818,545,855,551,892,556,929,557,966,556,1003,559
2294,220,0.0207977,-0.0207977,-0.191955,-0.0830486,0.00214448,777,536,813,543,850,551,886,558,923,558,959,555,996,552
2295,225,0.0252617,-0.0563748,-0.153402,-0.18823,-0.0981428,769,532,806,541,843,551,881,559,918,561,955,556,993,547
2296,217,0.0258755,9.26325e-05,-0.132848,-0.275919,-0.132848,767,530,803,539,839,549,875,559,911,564,947,559,983,549
2297,212,9.26536e-05,0.0527283,-0.0527283,-0.251597,-0.244886,762,527,797,536,832,545,867,556,902,565,937,565,973,556
2298,217,0.052838,0.0514745,-0.0255063,-0.160197,-0.275713,755,527,791,534,827,543,863,554,899,564,935,568,971,562
2299,222,0.102188,0.0509327,0.0495643,-0.0749187,-0.292518,742,527,778,531,815,539,852,549,889,561,926,570,963,568
2300,219,-0.0272561,0.127859,0.0830486,9.26387e-05,-0.213968,732,526,768,531,804,535,841,544,877,556,913,568,950,572
2301,218,9.26536e-05,0.0805703,0.0521853,0.0507111,-0.10872,730,525,766,530,802,535,838,543,874,553,910,565,947,573
2302,215,-0.00379838,0.02705,0.0864486,0.0699679,-0.0251121,722,524,757,529,793,534,829,540,864,549,900,561,936,572
2303,224,0.0266931,0.0529802,0.052083,0.0509327,0.088934,706,524,743,527,780,531,817,537,854,545,891,555,929,569
2304,215,-0.0586632,0.0547721,0.0316796,0.101076,0.0998518,707,523,742,528,778,531,814,536,849,542,885,552,921,566
2305,217,0.0274233,9.26325e-05,0.0543988,0.0797373,0.101468,699,523,735,526,771,530,807,534,843,540,879,549,915,562
2306,219,-0.0274233,0.024456,0.0302235,0.10688,0.0928069,693,522,729,526,765,529,802,533,838,538,874,547,911,560
2307,218,-0.0824149,0.0550661,9.26325e-05,0.0812981,0.12148,686,521,722,526,758,528,794,532,830,536,866,543,903,555
2308,220,-0.0296605,0.0296605,-0.0296605,0.0570093,0.19978,679,520,715,524,752,527,788,531,825,534,861,539,898,552
2309,227,-0.0816457,0.0261082,0.0288133,0.0230449,0.174959,670,519,707,524,745,526,783,529,820,533,858,538,896,550
2310,224,-0.0266931,-0.0268099,0.0268099,0.0266931,0.173989,666,519,703,523,740,526,777,528,814,531,851,535,889,546
2311,226,-0.0816457,0.00132579,0.0246898,0.0288133,0.149541,660,518,697,523,735,525,772,527,810,530,847,534,885,544
2312,227,-0.0288133,-0.0523816,0.0275991,0.0507828,0.152354,655,518,692,522,730,525,768,526,805,528,843,532,881,542
2313,240,-0.00181939,-0.0248088,9.26278e-05,0.0248088,0.146362,633,517,672,520,712,523,752,525,792,527,832,530,872,539
2314,233,-0.0794976,9.26536e-05,-0.0248348,0.0503695,0.125457,638,516,676,521,715,523,754,525,792,526,831,529,870,537
2315,232,-0.0280124,-0.0503695,-0.000581655,0.0530559,0.0737727,634,516,672,520,711,523,749,524,788,525,826,528,865,534
2316,227,-0.0816457,-0.0261807,0.000618078,0.02547,0.103926,632,515,669,520,707,522,745,523,782,524,820,526,858,532
2317,236,-0.0508769,9.26536e-05,-0.0511445,0.0511445,0.0975601,622,515,661,519,700,521,739,523,778,523,817,525,857,531
2318,231,-0.0781517,-0.00125324,-0.0774542,0.0788001,0.0748338,622,514,660,519,698,521,737,523,775,522,813,524,852,529
2319,236,-0.0508769,9.26536e-05,-0.0511445,0.0255428,0.0739406,608,514,647,518,686,520,725,522,764,522,803,523,843,527
2320,229,-0.0781517,9.26536e-05,-0.0788001,0.0525268,0.0523816,612,513,650,518,688,520,726,522,764,521,802,522,840,525
2321,230,-0.0260003,-0.0523816,-0.0525268,0.0525268,0.0758043,608,513,646,517,684,520,722,521,760,520,798,521,837,525
2322,233,-0.0794976,9.26536e-05,-0.0774542,0.0262171,0.102114,600,512,638,517,677,519,716,521,754,520,793,520,832,524
2323,232,-0.0794976,-0.0248348,-0.0518525,0.0255428,0.0766792,595,512,633,517,672,519,710,520,749,519,787,519,826,522
2324,229,-0.0781517,-0.0261807,-0.0525268,0.0262171,0.0786913,593,511,631,516,669,518,707,519,745,518,783,518,821,521
2325,229,-0.0781517,-0.0261807,-0.0788001,0.0788001,0.0261807,590,511,628,516,666,518,704,519,742,517,780,518,818,520
2326,234,-0.0280124,-0.0510438,-0.0767799,0.0511445,0.0511445,583,511,621,515,660,518,699,519,738,517,777,517,816,519
2327,240,-0.0272542,-0.0248088,-0.0998241,0.0498657,0.0249021,573,510,612,514,652,517,692,519,732,517,772,517,812,518
2328,236,-0.0761797,-0.0255091,-0.0767799,0.0511445,0.0249021,573,510,612,515,651,517,690,518,729,516,768,516,808,517
2329,231,-0.0519508,-0.0530559,-0.104327,0.0786913,0.0255428,574,509,612,514,650,517,689,518,727,515,765,515,804,516
2330,233,-0.0794976,-0.0255091,-0.0781258,0.026855,0.0511782,569,509,607,514,646,516,685,517,723,515,762,514,801,515
2331,229,-0.0781517,-0.0261807,-0.0788001,0.0261807,0.0262171,566,509,604,514,642,516,680,517,718,515,756,514,794,514
2332,233,-0.0794976,-0.0511445,-0.0524904,0.026855,0.0255428,560,509,598,514,637,516,676,516,714,514,753,513,792,513
2333,230,-0.0522012,-0.0261807,-0.105001,0.0786913,9.26536e-05,557,509,595,513,633,515,671,516,709,513,747,513,786,513
2334,239,-0.0521557,-0.0248709,-0.101674,0.0516844,0.0249021,546,509,585,513,625,515,665,516,704,513,744,512,784,512
2335,234,-0.0794976,-0.0511445,-0.0511445,0.0255091,9.26536e-05,549,508,587,513,626,515,665,515,704,513,743,512,782,511
2336,235,-0.0508769,-0.0511445,-0.0511445,0.0255091,-0.0255091,542,509,581,513,620,515,659,515,698,513,737,512,776,510
2337,241,-0.0745812,9.26536e-05,-0.099762,0.0497724,9.26536e-05,535,509,575,513,615,514,655,515,695,512,735,511,775,510
2338,232,-0.0791489,-0.0255428,-0.0511445,-0.00125324,0.026855,539,509,577,513,616,514,654,514,693,512,731,510,770,509
2339,230,-0.0784746,-0.0262171,-0.0786913,0.0523816,0.000581655,536,509,574,513,612,514,650,514,688,511,726,510,765,509
2340,234,-0.0248348,9.26536e-05,0.0511445,9.26536e-05,0.102114,765,508,727,509,688,511,649,513,610,513,571,513,532,509
2341,233,0.00125324,9.26536e-05,0.0511445,9.26536e-05,0.102114,759,507,721,509,682,511,643,513,605,513,566,513,527,509
2342,238,0.00118612,-0.00118612,0.0511445,0.0255428,0.0491318,755,507,716,509,676,511,637,513,597,513,558,512,518,509
2343,229,-0.0261807,-0.0261082,0.0786913,0.0262171,0.0523816,751,507,713,508,675,510,637,513,599,513,561,512,523,509
2344,234,-0.0503695,0.0254421,0.0255091,0.0511782,0.0510438,750,506,712,507,673,510,634,512,595,513,556,512,517,509
2345,231,9.26536e-05,-0.0240962,0.102989,-0.0262171,0.0766792,744,506,706,508,668,510,629,513,591,512,553,512,514,509
2346,234,0.00125324,-0.0254421,0.0766792,9.26536e-05,0.0766792,746,505,708,507,669,509,630,512,591,512,552,512,513,509
2347,234,0.00125324,9.26536e-05,0.0255091,0.0255428,0.0766792,742,505,704,507,665,509,626,511,587,512,548,512,509,509
2348,234,0.0274541,9.26536e-05,0.0255091,0.0255428,0.0766792,737,504,699,507,660,509,621,511,582,512,543,512,504,509
2349,244,0.00172663,0.0229895,0.0498657,0.0249021,0.0236544,732,504,692,507,651,510,611,512,570,512,530,511,489,509
2350,228,-0.0507828,0.0260003,0.0523816,0.0525268,0.0784746,726,503,689,505,651,509,613,512,575,513,537,512,499,508
2351,217,0.0777842,0.107919,0.138335,0.137285,0.0534276,715,494,679,505,643,513,607,517,571,516,535,510,499,502
2352,218,0.206231,0.238517,0.248197,0.156509,0.0863059,710,488,674,509,638,521,602,524,566,518,530,506,493,490
2353,216,-0.0337386,-0.094548,-0.318676,-0.246347,-0.434085,486,480,521,498,557,515,593,528,629,529,665,521,699,495
2354,218,9.26536e-05,-0.0228625,-0.147185,-0.353995,-0.423865,477,475,513,492,549,509,585,525,621,535,657,532,693,512
2355,217,9.26536e-05,0.0233406,-0.0233406,-0.20265,-0.384003,466,472,502,487,538,502,574,518,610,533,646,540,682,533
2356,223,9.26536e-05,0.0463272,0.0224508,-0.116979,-0.313528,454,469,491,483,528,497,565,513,602,530,639,542,676,542
2357,221,-0.00856802,0.0471867,0.00954096,0.0358087,-0.243621,446,467,482,480,519,493,556,508,592,523,629,540,666,547
2358,223,9.26325e-05,9.26325e-05,0.0701783,9.26536e-05,-0.0701783,433,463,470,476,507,489,544,502,581,518,618,534,655,547
2359,220,-0.057178,0.0328256,-0.00856802,0.0802535,-0.0329742,423,459,459,473,496,485,532,498,569,511,605,527,642,542
2360,215,-0.0589974,0.0499004,-0.0161489,0.0405013,0.0472404,414,457,449,470,485,481,521,494,556,506,592,520,628,536
2361,222,-0.0818232,0.0245526,9.26536e-05,0.0480159,0.0688706,404,454,440,468,477,479,514,491,551,503,588,517,625,534
2362,222,-0.0574708,0.0245526,-0.0245526,0.0488101,0.0701783,392,451,428,464,465,475,502,487,539,498,576,511,613,527
2363,226,-0.0798647,0.0317561,-0.0317561,0.00711089,0.131595,383,448,420,462,458,473,495,485,533,496,570,507,608,524
2364,220,-0.0328256,-0.0425811,0.0179359,0.00747775,0.0650908,376,446,412,459,449,471,485,481,522,492,558,503,595,517
2365,224,-0.0480159,-0.0245526,-0.024919,9.26536e-05,0.111905,368,443,405,457,442,469,479,480,516,490,553,500,591,515
2366,223,-0.0480159,-0.0245526,-0.0502734,0.0502734,0.0488101,358,440,395,454,432,466,469,477,506,486,543,497,580,510
2367,220,-0.0328256,-0.0169822,-0.0578438,0.0322449,0.0425811,350,438,386,451,423,463,459,474,496,483,532,493,569,505
2368,220,-0.0328256,-0.0169822,-0.0578438,0.00627669,0.0685493,344,436,380,449,417,461,453,472,490,481,526,490,563,502
2369,221,-0.0328256,-0.0495643,0.00689047,-0.0322449,0.0502734,332,433,368,446,405,458,442,468,478,478,515,487,552,498
2370,221,-0.0818232,9.26536e-05,-0.0439041,-0.0319477,0.10059,328,431,364,445,401,456,438,467,474,476,511,484,548,496
2371,220,-0.0328256,-0.0425811,-0.0322449,0.00627669,0.0439041,321,429,357,442,394,454,430,464,467,473,503,482,540,493
2372,220,-0.00803725,-0.0169822,-0.0835148,0.0319477,0.0685493,315,428,351,440,388,452,424,463,461,471,497,480,534,492
2373,221,-0.0818232,9.26536e-05,-0.0702138,-0.00563794,0.10059,307,425,343,439,380,450,417,461,453,469,490,477,527,489
2374,222,-0.0818232,-0.024919,-0.0252617,9.26536e-05,0.0252617,300,423,336,437,373,448,410,458,447,467,484,476,521,486
2375,221,-0.0574708,-0.024919,-0.0188924,-0.0319477,0.0759444,290,421,326,434,363,445,400,455,436,464,473,472,510,483
2376,214,-0.0589974,-0.0181535,-0.0595381,0.00594957,0.046143,288,420,323,433,359,444,394,454,430,462,465,470,501,480
2377,216,-0.0589974,-0.0255063,-0.0521853,9.26536e-05,0.0777842,281,418,316,431,352,442,388,452,424,460,460,468,496,479
2378,216,-0.0589974,-0.0255063,-0.0521853,9.26536e-05,0.0521853,277,417,312,430,348,441,384,451,420,459,456,467,492,477
2379,214,-0.0336589,-0.0181535,-0.0595381,-0.0211807,0.0990576,272,416,307,428,343,439,378,449,414,457,449,464,485,475
2380,212,-0.0510323,-0.0527283,-0.0268861,9.26536e-05,0.046143,267,414,302,427,337,438,372,447,407,455,442,463,478,473
2381,213,-0.0510323,-0.0594396,-0.0201748,0.0268861,-0.00661866,260,412,295,425,330,436,366,445,401,453,436,462,472,471
2382,210,-0.0346891,-0.0261186,-0.0808114,0.027223,0.0268861,255,411,289,423,324,434,359,444,394,451,429,459,464,468
2383,210,-0.0346891,-0.0527283,-0.0268861,9.26536e-05,0.0268861,250,410,284,422,319,433,354,442,389,450,424,458,459,467
2384,211,-0.0772436,9.26536e-05,-0.0808114,0.027223,0.0534958,244,408,279,421,314,431,349,441,384,448,419,456,454,466
2385,211,9.26536e-05,-0.051905,-0.0808114,0.027223,0.0268861,238,406,273,418,308,430,343,440,378,447,413,455,448,464
2386,210,-0.0868091,0.0261186,-0.107023,0.027223,0.0268861,235,405,269,418,304,428,339,439,374,446,409,454,444,463
2387,206,-0.0522076,-0.0540377,-0.055633,0.0279528,0.0205067,231,404,265,417,299,428,333,437,367,444,401,452,436,461
2388,211,-0.0256938,-0.0261186,-0.0534958,9.26536e-05,0.0268861,226,403,261,415,296,426,331,436,366,444,401,452,436,461
2389,209,-0.0605979,-0.0261186,-0.0751618,0.0215733,9.26536e-05,221,401,255,414,290,425,325,435,359,442,394,450,429,458
2390,205,-0.0790574,9.26536e-05,-0.0829136,0.0279528,0.0275876,217,400,251,413,285,423,319,433,353,440,387,448,421,457
2391,205,-0.0531485,9.26536e-05,-0.0829136,0.0279528,9.26536e-05,214,400,248,412,282,422,316,432,350,439,384,447,418,455
2392,203,-0.0622769,-0.0267571,-0.0769358,0.0219751,9.26536e-05,208,397,241,410,275,421,309,431,342,438,376,446,410,454
2393,202,-0.0626269,0.00809047,-0.0630512,-0.0219751,0.0219751,204,397,237,409,271,419,304,429,338,437,371,444,405,452
2394,203,-0.0891267,0.0267571,-0.103786,0.0219751,9.26536e-05,200,395,233,408,267,418,301,429,334,436,368,444,402,452
2395,202,-0.0357771,-0.018574,-0.0910967,0.0346981,-0.00665261,197,395,230,407,264,418,297,428,331,435,364,443,398,451
2396,204,-0.0357771,-0.0267571,-0.0829136,0.0279528,9.26536e-05,189,393,222,405,256,416,290,426,324,433,358,441,392,449
2397,203,-0.0891267,9.26536e-05,-0.0481229,-0.0346981,0.055633,188,392,221,405,255,415,289,425,322,433,356,440,390,449
2398,202,-0.0891267,0.00809047,-0.0630512,-0.0219751,0.0496553,184,391,217,404,251,414,284,424,318,432,351,439,385,448
2399,200,-0.0809436,-0.0278899,-0.0283235,-0.0287203,0.0496553,182,391,215,404,248,414,281,423,314,431,347,438,381,447
2400,200,-0.0809436,9.26536e-05,-0.056306,-0.0287203,0.0219751,177,389,210,402,243,412,276,422,309,430,342,437,376,445
2401,201,9.26387e-05,-0.0356065,-0.0481229,9.26325e-05,-0.0346981,169,388,202,399,235,410,269,420,302,428,335,436,369,443
2402,197,-0.0369275,-0.0274233,-0.0787842,0.0223856,-0.0287203,169,387,201,399,234,410,267,420,299,427,332,435,365,442
2403,199,-0.0534276,-0.0274233,-0.085119,9.26536e-05,0.0287203,166,386,199,399,232,410,265,420,298,427,331,434,364,442
2404,199,-0.0269278,-0.0274233,-0.056306,-0.0287203,0.0287203,161,385,194,397,227,408,260,418,293,426,326,433,359,441
2405,194,-0.0275819,-0.056836,-0.0587171,0.0295283,-0.0358631,160,385,192,397,224,408,256,417,288,424,320,432,353,439
2406,197,-0.0369275,-0.0554059,0.00782275,-0.0650519,9.26536e-05,157,384,189,396,222,407,255,416,287,425,320,432,353,439
2407,193,-0.0829051,9.26536e-05,-0.0874345,9.26536e-05,0.0295283,154,383,186,396,218,406,250,416,282,423,314,430,346,438
2408,193,-0.0829051,9.26536e-05,-0.0578136,-0.0295283,9.26536e-05,151,382,183,395,215,405,247,415,279,423,311,430,343,437
2409,191,-0.0381449,-0.0281186,-0.0502379,-0.0371039,9.26536e-05,148,381,179,393,211,404,243,414,274,422,306,429,338,436
2410,190,0.0176991,-0.0761231,-0.0374836,-0.0228041,-0.0366413,145,381,176,392,208,404,239,413,271,421,302,428,334,434
2411,193,9.26536e-05,-0.0845106,-0.0290961,-0.0295283,9.26536e-05,142,380,174,392,206,404,238,413,270,421,302,428,334,435
2412,190,-0.0381449,-0.0484485,-0.0374836,-0.0228041,-0.00663155,141,380,172,392,204,403,235,412,267,420,298,427,330,434
2413,192,-0.0941019,9.26536e-05,-0.0578136,-0.0295283,9.26536e-05,135,378,166,391,198,401,230,411,262,419,294,426,326,433
2414,189,-0.0571989,-0.0090646,-0.0807103,0.0303797,-0.0371039,133,378,164,390,195,400,227,410,258,417,289,425,321,432
2415,185,-0.03931,9.26536e-05,-0.0827175,0.0232297,-0.0303797,134,379,164,390,195,400,226,410,256,417,287,425,318,432
2416,180,0.0920731,0.092426,0.0296016,-0.0296016,0.0296016,130,384,159,388,189,395,219,405,249,416,279,426,309,437
2417,176,0.171845,0.133674,0.125603,0.114708,0.038111,129,391,158,389,187,392,216,399,245,410,274,425,304,442
2418,176,0.197746,0.240055,0.194901,0.198064,0.144433,124,400,153,391,182,388,211,392,240,402,269,419,299,443
2419,176,0.217309,0.203925,0.236756,0.267225,0.28114,120,406,149,393,178,387,207,387,236,394,265,410,291,436
2420,175,0.0871227,0.25937,0.240055,0.255181,0.392965,115,411,144,397,173,386,202,383,231,387,260,399,284,423
2421,171,-0.39843,-0.210417,-0.312676,-0.0959413,-0.12974,280,409,252,388,224,381,195,380,167,388,139,399,110,415
2422,172,-0.35465,-0.278871,-0.158931,-0.133657,-0.0954529,274,396,246,381,217,377,189,381,160,390,132,403,103,420
2423,169,-0.342931,-0.244886,-0.0979526,-0.0915536,-0.110892,268,385,240,375,212,375,184,382,156,392,128,405,100,422
2424,172,-0.347968,-0.207824,-0.0514533,-0.101011,-0.0917535,264,378,236,371,207,374,179,383,150,394,122,408,93,426
2425,170,-0.316193,-0.065927,-0.0632427,-0.0892213,-0.116263,258,370,230,368,202,375,174,384,146,395,118,409,89,428
2426,162,-0.244886,-0.0328624,-0.093925,9.26387e-05,-0.164391,245,366,219,368,192,377,165,387,138,400,111,413,84,432
2427,162,-0.164625,-0.0320774,-0.031256,-0.0600354,-0.159104,240,363,214,368,187,378,160,389,133,401,106,415,79,435
2428,154,-0.0573782,-0.0132399,-0.0830486,-0.0467481,-0.145115,228,363,203,371,177,381,152,391,126,404,101,418,75,438
2429,158,-0.101649,9.26536e-05,-0.0320745,-0.0907779,-0.156043,228,362,202,370,176,381,150,392,124,404,98,419,72,440
2430,153,9.26536e-05,-0.0196416,-0.079186,-0.0608076,-0.158148,220,363,195,373,170,383,144,394,119,407,94,422,69,443
2431,154,0.0472404,-0.0472404,-0.0793418,-0.0752792,-0.170569,214,364,189,375,163,385,138,396,112,410,87,426,64,447
2432,150,0.0491632,-0.0669209,-0.0319067,-0.117565,-0.142706,208,365,184,376,159,386,134,398,109,411,84,428,61,449
2433,148,0.0830486,-0.0491632,-0.0806334,-0.0774216,-0.197303,203,366,179,378,154,388,130,399,105,413,81,429,59,451
2434,145,0.0337927,9.26536e-05,-0.0665678,-0.119782,-0.191227,198,367,174,379,150,390,126,401,102,414,78,431,56,454
2435,147,-0.0337927,0.016035,-0.0488101,-0.139993,-0.19044,195,368,171,379,147,391,122,403,98,416,75,433,52,458
2436,141,0.104231,-0.0534276,-0.0830486,-0.0609205,-0.227462,189,369,166,382,143,392,119,404,96,418,73,434,54,455
2437,142,0.0507111,0.0174494,-0.112401,-0.0778162,-0.239457,185,370,162,383,138,395,115,406,91,421,68,438,48,462
2438,141,9.26536e-05,0.017147,-0.0830486,-0.111007,-0.222369,181,372,158,384,135,396,111,408,88,422,66,439,47,462
2439,144,-0.0502246,0.0326825,-0.0948591,-0.131754,-0.1679,182,372,159,383,135,396,111,408,87,423,64,442,45,464
2440,137,0.08751,-0.0346891,-0.117439,-0.0919349,-0.216211,174,374,152,387,129,398,106,410,84,425,61,444,43,467
2441,136,0.0183668,-0.0183668,-0.0784626,-0.134363,-0.221838,170,376,148,388,125,400,103,412,80,427,58,446,41,469
2442,132,0.0554059,-0.0699679,-0.064618,-0.110115,-0.157583,167,377,146,389,124,400,102,413,80,428,59,446,42,466
2443,117,9.26536e-05,-0.149853,-0.0802708,0.0867223,0.143401,159,378,140,389,121,400,101,416,84,432,65,447,46,458
2444,119,-0.00682765,-0.0839695,0.0570347,0.420067,0.759436,150,379,133,394,114,411,97,429,79,446,59,453,39,444
2445,147,0.041499,0.149635,0.518108,0.919627,0.622954,145,383,128,407,111,429,88,451,64,457,44,441,37,416
2446,163,0.280343,0.408396,0.762054,0.885329,0.239705,140,399,128,426,107,451,81,464,55,456,44,429,40,402
2447,175,-0.0675609,-0.466721,-1.00201,-0.629711,-0.467152,43,388,46,417,51,446,71,473,100,471,125,450,137,422
2448,190,-0.0300793,-0.306822,-0.540327,-1.05803,-0.709977,47,372,48,403,50,435,62,466,89,487,120,474,136,442
2449,187,-0.0321542,-0.158845,-0.232917,-0.855052,-0.879367,50,362,50,393,51,424,57,455,71,486,101,495,131,475
2450,187,0.0321542,-0.128628,-0.125515,-0.461535,-0.919241,53,352,53,383,52,414,55,445,62,476,84,503,115,502
2451,202,0.0889569,-0.149323,-0.0263562,-0.455765,-0.794692,54,342,55,375,53,409,56,442,60,476,80,507,114,514
2452,199,0.0907331,-0.0604394,-0.0604394,-0.288146,-0.589184,56,336,57,369,55,402,55,435,57,468,69,501,99,523
2453,206,0.146671,-0.0879147,-0.0293106,-0.173549,-0.460065,57,325,59,359,56,393,56,427,57,461,64,495,89,527
2454,220,0.0816795,-0.0261382,-0.0546984,-0.138036,-0.350989,58,312,59,348,57,385,56,421,57,458,63,494,84,531
2455,219,0.027678,-0.000657534,-0.0546984,-0.0827939,-0.202871,59,308,59,344,58,380,57,417,58,453,62,489,74,526
2456,219,0.0554486,-0.0546984,0.0269278,-0.0830486,-0.103745,58,300,59,336,58,372,59,409,59,445,62,481,69,518
2457,215,-0.0562416,0.027678,-0.028471,-0.0544849,9.26536e-05,59,294,58,329,59,365,59,401,60,436,63,472,66,508
2458,216,0.028471,-0.027678,-0.0276352,9.26536e-05,9.26536e-05,58,285,59,320,59,356,60,392,62,428,64,464,66,500
2459,213,-0.028471,-0.0268422,-0.00148962,-0.0283319,0.057642,58,277,58,312,59,347,61,383,63,418,66,453,67,489
2460,223,9.26536e-05,-0.0268884,9.26536e-05,-0.0535957,0.0535957,57,260,58,297,59,334,61,371,63,408,67,445,69,482
2461,212,-0.0569881,9.26536e-05,-0.0283319,-0.0562991,0.114034,57,262,57,297,59,332,61,367,64,402,69,437,70,473
2462,214,-0.027678,-0.057642,0.0299141,-0.141804,0.141804,57,253,57,288,58,324,61,359,63,395,70,430,72,466
2463,215,-0.0562416,-0.0827939,0.0250593,-0.10645,0.108814,57,246,56,281,57,317,61,353,64,388,71,424,74,460
2464,220,0.027678,-0.0830486,0.00214448,-0.111051,0.0576339,56,232,57,268,57,305,60,341,63,378,70,414,75,451
2465,220,0.0546984,-0.137585,0.0296605,-0.137672,0.0842549,56,226,57,262,56,299,60,335,63,372,71,408,76,445
2466,218,9.26536e-05,-0.0830486,9.26536e-05,-0.135435,0.0578136,56,220,56,256,56,292,59,328,62,364,70,400,76,437
2467,221,0.0546984,-0.134618,0.024456,-0.155375,0.0777539,55,212,56,248,55,285,59,322,62,358,71,395,77,432
2468,210,0.0578743,-0.113976,9.26536e-05,-0.139113,0.027223,55,213,56,247,55,282,58,317,61,352,69,387,76,422
2469,216,0.0562416,-0.110819,9.26536e-05,-0.108814,-0.0265283,55,201,56,236,55,272,58,308,61,344,68,380,76,416
2470,210,0.0578743,-0.0855518,-0.0566186,-0.0558936,-0.0548402,55,201,56,235,55,270,57,305,61,340,67,375,75,410
2471,216,9.26536e-05,-0.0554059,-0.0275501,-0.135435,0.0265283,55,193,55,228,55,264,57,300,60,336,68,372,75,408
2472,216,0.0562416,-0.110819,9.26536e-05,-0.108814,9.26536e-05,54,186,55,221,54,257,57,293,60,329,67,365,74,401
2473,221,0.0269278,-0.0809293,-0.0290471,-0.103745,-0.0258664,55,176,55,212,54,249,56,286,59,322,66,359,74,396
2474,221,0.0816795,-0.10791,-0.00140435,-0.131388,-0.0258664,55,172,56,208,54,245,56,282,58,318,65,355,73,392
2475,219,0.0554059,-0.109407,-0.0290471,-0.0819148,-0.047697,55,168,55,204,53,240,55,277,58,313,64,349,72,386
2476,220,0.0269278,-0.0546984,-0.0530408,-0.0841519,-0.0217379,55,164,55,200,54,237,55,273,58,310,64,346,71,383
2477,221,0.0539088,-0.0809293,-0.0560281,-0.103745,0.0261239,55,157,55,193,53,230,54,267,57,303,64,340,70,377
2478,211,-0.0284245,-0.0855518,9.26536e-05,-0.140222,0.0275246,56,163,54,198,53,233,55,268,57,303,64,338,70,373
2479,206,-0.0292599,-0.0587139,-0.0292599,-0.115824,0.00480127,56,159,54,193,53,227,54,261,56,295,62,329,68,364
2480,213,0.0854126,-0.113183,-0.000700368,-0.168739,0.00525489,56,150,56,185,53,220,54,256,55,291,62,326,69,362
2481,219,0.0554059,-0.0824263,-0.0283854,-0.0824149,-0.0488806,55,140,55,176,53,212,54,249,56,285,61,321,68,358
2482,224,0.0808114,-0.107832,-0.0268884,-0.0802273,-0.0221878,56,133,56,170,53,207,54,244,56,281,61,318,67,356
2483,217,0.109558,-0.192827,-0.0276352,-0.136457,9.26536e-05,59,131,57,167,51,203,52,239,54,275,61,311,68,347
2484,211,-0.0275246,-0.112605,-0.17078,-0.110827,-0.0268861,64,132,57,167,51,202,49,237,53,272,61,307,70,342
2485,208,-0.00765913,-0.1902,-0.144996,-0.173917,-0.124453,70,126,60,160,50,195,47,229,49,264,57,298,70,333
2486,197,-0.0640395,-0.201034,-0.151771,-0.206503,-0.1633,73,131,60,163,49,196,45,229,46,261,54,294,68,327
2487,191,-0.091798,-0.17333,-0.120828,-0.249682,-0.252896,77,130,62,161,50,193,44,225,42,256,48,288,63,320
2488,193,-0.102359,-0.140811,-0.151409,-0.248381,-0.203681,81,125,64,157,51,189,43,221,40,253,45,285,57,317
2489,193,-0.0122321,-0.164076,-0.14972,-0.186681,-0.240373,82,123,67,154,52,186,43,218,39,250,41,282,51,314
2490,191,-0.0380382,-0.107148,-0.139819,-0.222332,-0.154015,86,117,70,148,55,180,44,212,38,243,39,275,45,307
2491,197,-0.0121019,-0.0760896,-0.15982,-0.215265,-0.120531,90,110,74,142,58,175,45,208,38,240,38,273,42,306
2492,190,-0.0631748,-0.0689102,-0.124262,-0.212639,-0.094573,90,111,73,142,58,174,46,205,38,237,37,268,39,300
2493,190,-0.0127272,-0.0942213,-0.0663561,-0.206318,-0.127621,93,105,77,136,61,168,49,199,39,231,36,262,37,294
2494,199,0.0608437,-0.111068,-0.0793856,-0.141804,-0.179761,100,91,84,124,66,156,52,189,41,222,35,255,35,288
2495,187,-0.0753124,-0.0534892,-0.0560078,-0.149702,-0.158845,98,97,80,128,65,159,52,190,41,221,35,252,34,283
2496,184,-0.0536557,-0.0674669,-0.0394815,-0.140009,-0.164712,101,92,84,121,68,152,55,182,43,213,36,243,34,274
2497,183,0.014116,-0.053412,-0.0991239,-0.0907497,-0.132187,103,88,87,118,71,147,56,178,45,208,37,238,33,269
2498,181,-0.0503695,-0.0809568,9.26325e-05,-0.148213,-0.127958,106,84,88,114,72,144,59,174,46,204,38,234,34,264
2499,175,-0.0780557,-0.0558335,-0.0289864,-0.0913273,-0.0968096,107,82,89,111,74,140,61,169,49,198,40,227,34,256
2500,177,-0.0757442,-0.0674461,-0.0441944,-0.0913273,-0.103432,111,77,92,106,76,135,62,165,50,194,41,223,35,253
2501,176,-0.118761,-0.0274931,-0.0573268,-0.060188,-0.134571,112,75,93,103,78,132,64,161,52,190,42,219,36,249
2502,175,-0.0994907,-0.0826541,-0.0289864,-0.060188,-0.0951181,114,72,94,101,78,130,65,159,53,188,43,217,36,246
2503,176,-0.0828989,-0.0803635,-0.0573268,-0.060188,-0.0713644,117,68,98,95,81,124,67,153,55,182,45,211,37,241
2504,177,-0.10724,-0.0664755,-0.0421357,-0.0892671,-0.0713644,121,64,101,91,84,120,69,150,56,179,46,208,38,238
2505,177,-0.156785,-0.0404257,-0.0712148,-0.0297033,-0.0709948,122,62,101,89,85,118,70,148,58,177,47,206,38,236
2506,172,-0.168664,-0.120731,-0.0422374,-0.0812492,-0.00998539,125,61,102,87,84,116,71,144,59,173,50,201,41,230
2507,175,-0.349241,-0.202229,-0.194387,9.26536e-05,-0.0322261,134,65,105,83,83,111,69,139,61,168,53,197,46,226
2508,177,-0.319237,-0.410035,-0.336309,-0.0331901,-0.038091,140,73,111,82,83,102,65,132,59,161,54,190,50,220
2509,177,-0.269075,-0.476159,-0.46274,-0.225385,-0.103653,151,82,122,82,93,90,67,114,56,143,52,172,51,202
2510,176,-0.103233,-0.297498,-0.536387,-0.465316,-0.203435,166,88,137,86,108,87,79,97,57,123,50,152,49,182
2511,179,-0.0373049,-0.199245,-0.349998,-0.657296,-0.363886,181,95,152,91,122,88,92,91,63,105,48,135,45,165
2512,164,-0.107919,-0.0366255,-0.256957,-0.558744,-0.550457,183,100,156,94,129,91,102,89,75,94,51,116,43,144
2513,169,9.26387e-05,0.0347191,-0.176616,-0.342931,-0.639677,200,103,172,99,144,95,116,90,88,90,60,100,42,127
2514,161,-0.0796278,0.0359398,-0.0681416,-0.225441,-0.558889,203,107,177,101,150,97,123,92,97,89,70,92,46,111
2515,171,0.412932,0.206342,0.0402655,-0.0691036,0.0287455,47,103,74,90,102,89,131,94,159,100,187,104,216,109
2516,168,0.253721,0.104265,9.26387e-05,-0.0691036,9.26387e-05,56,92,83,88,111,91,139,97,167,103,195,107,223,111
2517,180,0.231772,0.0317437,-0.0317437,-0.0976343,0.0327902,58,88,87,87,117,93,147,100,177,106,207,109,237,113
2518,182,0.0965877,-0.0317437,-0.0321542,-0.0325045,-0.00413565,65,85,95,89,125,96,155,102,185,107,215,111,246,115
2519,192,-0.00663155,9.26536e-05,-0.0909101,-0.0307856,-0.0309653,73,85,104,92,136,99,168,106,200,110,232,113,264,115
2520,190,-0.0371039,-0.0240806,-0.0667368,-0.0277886,-0.0651413,81,87,112,95,144,102,175,108,207,112,238,115,270,116
2521,196,-0.0358631,-0.0539335,-0.0642442,0.00272424,-0.0630904,89,90,121,98,154,105,186,110,219,113,251,116,284,117
2522,204,-0.0914872,-0.0574708,-0.0290087,-0.0291589,-0.0292599,95,93,128,102,162,108,196,112,230,115,264,117,298,118
2523,206,-0.0563258,-0.0865722,9.26536e-05,-0.0291589,-0.0300995,101,96,135,104,169,110,203,113,237,116,271,118,306,119
2524,201,-0.0883066,-0.00342227,-0.0564841,0.0300352,-0.0905672,106,99,139,106,172,110,206,114,239,116,272,119,306,119
2525,203,-0.0626521,-0.0582603,0.0318114,-0.0611639,9.26325e-05,114,103,147,109,181,113,215,115,248,118,282,119,316,120
2526,215,-0.0865444,-0.0275501,0.00148962,-0.0292175,-0.027678,120,106,155,112,191,115,227,117,262,119,298,120,334,120
2527,231,-0.104425,0.0248348,0.00125324,-0.0261807,0.0248348,125,110,163,115,201,116,240,118,278,120,316,121,355,123
2528,215,-0.0859287,9.26536e-05,0.0292175,-0.0569881,0.027678,134,113,169,117,205,118,241,119,276,121,312,121,348,122
2529,218,-0.0554059,0.027678,9.26536e-05,9.26536e-05,-0.027678,143,117,179,119,215,119,251,120,287,121,323,122,360,122
2530,230,-0.0524904,9.26536e-05,9.26536e-05,0.0262171,-0.000581655,146,119,184,121,222,121,260,121,298,121,336,122,375,123
2531,229,0.0524904,0.0261082,-0.105001,-0.0523816,-0.0260003,384,124,346,124,308,122,270,119,232,120,194,123,156,127
2532,216,0.0259678,0.0274233,-0.110565,-0.165056,-0.0797373,378,127,343,125,307,122,271,118,235,118,199,124,163,133
2533,210,0.0549435,0.0558936,-0.112605,-0.198885,-0.238517,378,129,344,127,309,123,274,117,239,115,204,120,169,134
2534,205,0.254053,0.204675,0.0285673,-0.0574708,-0.117016,179,127,213,116,247,114,281,119,315,125,349,129,383,129
2535,208,0.23166,0.173917,-0.089101,-0.0830486,-0.115744,185,119,219,113,254,115,288,123,323,128,357,130,392,128
2536,204,0.228384,-0.084006,-0.0865722,-0.117318,-0.0585114,197,111,230,112,264,121,298,127,332,130,366,129,400,126
2537,205,0.0548681,-0.16885,-0.0876128,-0.146419,-0.0858438,206,109,240,117,274,127,308,131,342,132,376,128,410,121
2538,220,-0.207719,-0.159116,-0.161999,-0.0307346,-0.047697,217,111,253,126,290,133,326,134,363,129,399,123,436,115
2539,216,0.0864486,-0.0268067,0.0812981,0.221222,0.235789,442,112,407,121,371,127,335,134,299,138,263,134,227,121
2540,212,-0.0275246,-0.027223,0.0548402,0.141122,0.24714,446,112,411,118,376,125,341,133,306,139,271,140,235,132
2541,234,-0.0726266,-0.0246328,9.26536e-05,0.0495796,0.203794,476,110,438,114,399,121,360,129,321,137,282,143,243,141
2542,225,-0.0263486,-0.0213129,-0.0306774,-0.0509327,0.237561,473,110,436,115,399,121,361,128,324,136,287,146,249,147
2543,218,9.26536e-05,-0.0539493,9.26536e-05,-0.0788062,0.0838749,478,109,442,114,406,119,370,126,334,133,298,143,261,150
2544,213,0.0280124,-0.051264,-0.0321542,-0.0542018,-0.0191642,485,109,450,114,415,118,379,124,344,131,309,140,273,150
2545,222,0.0302235,-0.0265389,-0.0525652,-0.0258664,-0.10059,504,107,468,112,431,116,394,121,357,128,320,136,283,148
2546,214,-0.0241214,-0.00379838,0.00379838,-0.0866125,-0.071742,507,107,472,111,436,116,401,121,365,126,330,134,294,145
2547,229,0.0519508,-0.0519508,-0.0256818,-0.0254738,-0.0995109,527,106,489,111,451,114,413,119,375,125,337,132,299,143
2548,229,0.0519508,-0.0519508,9.26387e-05,-0.0256818,-0.100629,535,105,497,110,459,113,421,118,383,123,345,129,307,139
2549,240,-0.0483388,-0.0245937,0.0245937,-0.0245937,-0.120531,557,106,518,108,478,112,438,117,398,121,358,126,318,136
2550,224,9.26536e-05,9.26536e-05,9.26536e-05,9.26536e-05,-0.124774,546,105,509,109,472,113,435,117,398,121,361,125,323,134
2551,230,0.0519508,-0.0260003,9.26536e-05,9.26536e-05,-0.097352,563,103,525,108,487,111,449,115,411,119,373,123,334,131
2552,240,0.00244541,9.26536e-05,9.26536e-05,9.26536e-05,-0.0734844,582,102,543,106,503,110,463,114,423,118,383,122,343,129
2553,243,-0.0247162,0.0023228,-0.0023228,9.26536e-05,-0.0455487,592,102,552,105,512,109,471,113,431,117,391,121,350,127
2554,223,9.26536e-05,9.26536e-05,0.0266931,-0.0266931,9.26536e-05,579,102,542,106,505,110,468,114,431,117,394,121,357,125
2555,223,0.0265389,9.26536e-05,0.0535957,-0.0535957,9.26536e-05,586,101,549,106,512,110,475,114,438,116,401,120,364,124
2556,240,0.00244541,9.26536e-05,0.0247162,-0.0247162,9.26536e-05,611,100,572,104,532,108,492,112,452,115,412,119,372,123
2557,227,0.00272028,9.26536e-05,0.0238802,0.00202748,9.26387e-05,604,100,567,104,529,108,491,112,454,115,416,118,378,121
2558,224,9.26536e-05,9.26536e-05,0.0535957,-0.0535957,0.0288133,607,100,570,104,533,108,496,112,459,114,422,118,384,121
2559,245,-0.0479531,-0.0482188,0.0463995,0.00172663,-0.02412,635,101,595,102,554,105,513,110,473,113,432,116,391,120
2560,233,0.00257757,9.26387e-05,0.0233301,0.00191942,9.26536e-05,631,98,593,102,554,106,515,110,477,113,438,116,399,119
2561,224,9.26536e-05,9.26536e-05,0.0266931,0.0268099,-0.0246898,629,98,592,102,555,106,518,110,481,113,444,115,406,118
2562,227,0.00272028,9.26536e-05,0.0238802,0.00202748,9.26387e-05,639,97,602,101,564,105,526,109,489,112,451,115,413,118
2563,225,0.0533247,-0.0238802,-0.00272028,0.0266931,0.00202748,644,96,607,101,570,104,532,108,495,112,458,115,420,118
2564,223,9.26536e-05,9.26536e-05,9.26536e-05,0.0535957,-0.0535957,649,96,612,100,575,104,538,108,501,112,464,114,427,118
2565,238,0.00244541,-0.0277483,0.0525571,-0.0272542,0.0521557,668,94,629,98,589,102,550,107,510,110,471,114,431,116
2566,228,0.00272028,-0.0258578,0.0519508,-0.0260003,0.0260003,665,94,628,98,590,102,552,107,514,110,476,114,438,117
2567,235,9.26387e-05,-0.0252102,0.0252102,9.26387e-05,0.0508769,677,93,638,97,599,101,560,106,521,110,482,114,443,116
2568,227,0.00272028,-0.0258578,0.0230449,0.00272028,0.0522012,673,93,636,97,598,101,560,106,523,110,485,114,447,116
2569,230,-0.0260003,-0.0258578,0.0258578,9.26536e-05,0.0280124,682,93,644,96,606,100,568,105,530,109,492,113,453,116
2570,223,0.0265389,-0.0265389,0.0265389,9.26536e-05,0.0266931,682,91,645,96,608,100,571,105,534,109,497,113,460,116
2571,227,-0.0230449,0.0258578,-0.0293518,0.0293518,0.0260003,688,91,651,95,613,100,575,104,538,109,500,113,462,116
2572,245,-0.0463995,9.26536e-05,-0.00291034,-0.0208624,0.0721768,715,89,675,92,634,97,593,102,553,107,512,113,471,116
2573,240,0.00244541,-0.0245937,-0.0244423,0.0491286,9.26536e-05,713,89,674,93,634,97,594,102,554,108,514,112,474,116
2574,227,0.0293518,-0.0258578,-0.00340139,0.00340139,0.0519508,708,88,671,93,633,97,595,102,558,107,520,112,482,115
2575,245,-0.0463995,-0.0238654,-0.00348728,0.0274453,0.0240061,731,86,691,89,650,94,609,100,569,106,528,111,487,115
2576,247,-0.0240061,-0.0238654,0.0238654,-0.0476566,0.0717554,736,85,695,89,654,94,613,100,572,105,531,112,490,116
2577,244,-0.0463995,-0.0274453,0.00348728,-0.00348728,0.0515441,740,85,700,88,659,93,619,99,578,105,538,111,497,115
2578,230,9.26387e-05,9.26387e-05,-0.0256818,9.26536e-05,0.0543025,730,84,692,89,654,94,616,99,578,105,540,111,501,115
2579,234,0.0280124,-0.0757848,9.26325e-05,-0.0740569,0.0991966,741,84,703,88,664,91,625,97,586,103,547,112,508,117
2580,234,0.0274541,9.26536e-05,-0.126266,-0.097221,-0.0696448,751,85,713,88,674,90,635,92,596,99,557,110,518,124
2581,221,0.0269278,-0.0539482,-0.0835441,-0.227128,-0.17826,743,90,707,90,670,89,633,90,597,94,560,107,523,128
2582,226,0.0532375,0.0545017,-0.107121,-0.186536,-0.381183,757,91,720,92,682,91,645,88,607,89,570,97,533,122
2583,217,0.138335,0.0552779,-0.0275501,-0.166063,-0.260141,758,89,722,93,686,92,650,89,614,87,578,91,542,105
2584,227,0.0554448,0.157475,0.0288133,-0.0812875,-0.208385,771,87,734,92,696,95,658,92,621,88,583,87,545,94
2585,230,0.0512483,0.130735,0.0786913,0.0777253,-0.182145,782,83,744,90,706,95,668,95,630,92,592,86,553,87
2586,225,0.052083,0.108087,0.106492,0.0802273,-0.0293518,788,81,751,89,714,95,676,97,639,95,602,90,564,86
2587,226,0.00471831,0.0477542,0.160539,0.0812875,0.0488194,797,79,760,86,722,93,685,98,647,97,610,93,572,87
2588,224,-0.0261239,0.0525652,0.0533247,0.134813,0.0767332,807,78,770,84,733,91,696,96,659,99,622,97,584,92
2589,234,0.0294263,9.26325e-05,0.0250471,0.101781,0.102315,828,75,790,82,751,88,712,94,673,99,634,100,595,97
2590,223,0.0261239,9.26387e-05,0.0263486,0.0802273,0.10791,825,75,788,82,751,88,714,94,677,99,640,101,603,99
2591,222,0.00497609,0.0261239,0.0263486,0.0265389,0.107597,832,73,796,80,759,87,722,93,685,98,648,102,611,102
2592,223,9.26387e-05,-0.0261239,0.0261239,0.0263486,0.0802273,842,72,805,78,768,84,731,91,694,97,657,102,620,104
2593,224,-0.0261239,0.0261239,9.26387e-05,0.0263486,0.0554448,849,71,812,77,775,84,738,90,701,96,664,101,626,104
2594,228,0.0298427,-0.0512483,9.26536e-05,0.0254738,0.0516323,863,70,826,76,788,81,750,88,712,95,674,101,636,105
2595,223,-0.0261239,0.0261239,9.26387e-05,-0.0261239,0.0525652,865,68,828,74,791,81,754,87,717,93,680,100,643,105
2596,233,-0.0217293,-0.0248542,0.0209016,-0.0456271,0.0495796,881,67,843,72,804,78,765,85,727,91,688,99,649,105
2597,223,-0.0263486,9.26387e-05,9.26387e-05,-0.0261239,0.0261239,882,67,845,72,808,78,771,84,734,90,697,97,660,103
2598,223,-0.0529802,-0.0261239,0.0525652,-0.0785243,0.0258664,890,66,853,70,816,76,779,83,742,88,705,96,668,103
2599,223,-0.0529802,9.26387e-05,9.26387e-05,-0.052083,0.0258664,897,65,860,69,823,75,786,81,749,87,712,95,675,102
2600,218,9.26536e-05,-0.0539493,0.0539493,-0.0539493,-0.0207977,899,64,863,69,827,74,791,81,755,86,719,93,682,101
2601,230,9.26387e-05,-0.0512483,0.0254738,-0.0254738,-0.0200607,915,62,877,67,839,72,801,79,763,85,725,92,686,100
2602,230,-0.0258578,-0.0256818,9.26536e-05,-0.0508017,-0.01921,922,62,884,66,846,71,808,77,770,83,732,91,693,100
2603,217,-0.02705,0.0543988,-0.0543988,-0.0534276,9.26536e-05,916,61,880,66,844,72,808,76,772,82,736,90,700,98
2604,223,-0.0529802,9.26387e-05,0.0263486,-0.0525652,-0.0515374,927,60,890,64,853,70,816,76,779,81,742,88,705,97
2605,232,0.00322518,-0.0289997,0.00385989,-0.0294263,-0.0445379,940,58,902,63,863,68,825,74,786,80,748,87,709,96
2606,226,0.00340139,-0.00340139,-0.0221878,-0.0302847,-0.045485,940,58,903,63,865,68,828,73,790,79,753,86,715,95
2607,226,-0.0756051,0.0221878,-0.0221878,-0.0302847,-0.045485,951,57,914,60,876,66,839,71,801,77,764,84,726,93
2608,215,0.00379838,9.26536e-05,-0.0316796,0.0316796,-0.132848,944,56,909,61,873,66,837,71,802,77,766,82,730,92
2609,221,-0.0235716,9.26387e-05,-0.0307346,0.00429328,-0.0777539,954,56,918,60,881,65,844,70,808,76,771,82,734,91
2610,220,-0.0235716,-0.00359193,0.00359193,-0.0576339,-0.0464687,958,55,922,59,885,64,849,69,812,74,776,81,739,90
2611,215,-0.0241214,9.26536e-05,-0.00379838,-0.0500583,-0.0265283,961,54,926,58,890,63,854,68,819,73,783,80,747,88
2612,223,-0.0265389,9.26387e-05,9.26387e-05,-0.0525652,-0.0258664,970,53,933,57,896,62,859,67,822,72,785,79,748,87
2613,229,-0.0781517,-0.0256818,0.0256818,-0.0256818,-0.0758624,982,53,944,55,906,60,868,66,830,71,792,77,754,86
2614,220,-0.0510876,-0.00359193,0.00359193,-0.0307346,-0.047697,982,52,946,55,909,60,873,65,836,70,800,76,763,84
2615,221,-0.0235716,9.26387e-05,-0.00359193,-0.0488806,-0.0258664,981,51,945,55,908,60,871,65,835,70,798,77,761,85
2616,223,9.26536e-05,-0.0265389,-0.0263486,9.26387e-05,-0.052083,991,50,954,54,917,58,880,63,843,69,806,75,769,83
2617,216,0.00304213,9.26325e-05,-0.0543988,9.26536e-05,-0.0534276,990,50,955,54,919,58,883,62,847,68,811,74,775,82
2618,228,-0.0238802,-0.0516323,0.0516323,-0.0771987,-0.050296,1003,49,966,52,928,56,890,62,852,66,814,73,776,82
2619,226,0.00272028,-0.0293518,0.00340139,-0.0298427,-0.0466408,1006,48,969,52,931,56,894,61,856,66,819,72,781,80
2620,223,-0.0266931,-0.0265389,9.26387e-05,-0.0263486,-0.0777539,1008,48,971,51,934,55,897,60,860,65,823,71,786,80
2621,218,-0.0274233,9.26325e-05,-0.0543988,9.26536e-05,-0.073368,1006,48,970,51,934,55,898,59,862,65,826,71,789,80
2622,216,0.000700368,-0.0552779,-0.0547721,-0.132848,-0.0754994,1017,50,982,51,946,52,910,55,874,60,838,70,802,83
2623,213,0.0569881,-0.0847588,-0.0859287,-0.216413,-0.197684,1017,53,982,53,947,51,911,52,876,56,841,68,805,89
2624,198,0.0593274,9.26536e-05,-0.120861,-0.178637,-0.349484,1019,56,987,55,954,52,921,49,888,50,855,57,823,77
2625,217,0.0275501,0.0274233,-0.0550661,-0.166063,-0.4378,1035,59,999,57,963,54,927,50,891,48,855,52,819,74
2626,211,0.0855518,0.0847236,-0.0562991,-0.0854126,-0.330205,1035,57,1000,58,965,56,930,51,895,48,860,48,825,60
2627,213,0.254384,0.0808326,-0.0241214,-0.0851357,-0.0839695,830,53,865,46,900,48,936,53,971,57,1006,58,1042,56
2628,213,0.199205,0.0241214,-0.0524081,-0.0854126,-0.0830486,838,49,873,46,908,50,944,55,979,58,1014,58,1050,55
2629,217,0.165056,-0.0543988,-0.0827939,-0.027678,-0.0830486,846,47,882,47,918,53,954,57,990,58,1026,58,1062,55
2630,220,0.0787303,-0.0235716,-0.0835441,-0.0824263,-0.0253129,854,47,890,49,927,54,963,58,1000,59,1036,57,1073,54
2631,225,0.0265389,-0.0816457,-0.0524904,-0.0808114,0.0282284,865,48,902,52,939,57,977,59,1014,59,1051,56,1089,54
2632,208,-0.00322408,-0.0549435,-0.0872268,-0.0300995,-0.0549435,874,50,908,54,943,58,977,60,1012,59,1046,57,1081,53
2633,209,-0.0888388,-0.0284245,-0.0578743,-0.0560094,-0.0281941,881,52,915,57,950,59,985,60,1019,59,1054,56,1089,52
2634,209,-0.025692,0.0566186,0.0569881,0.0854126,0.0281941,1097,52,1063,55,1028,59,993,61,959,61,924,58,889,54
2635,209,-0.025692,0.0566186,0.0275848,0.0863914,0.0283319,1105,52,1071,55,1036,59,1001,61,967,62,932,60,897,57
2636,207,-0.0579122,0.0888388,0.0275848,0.0587139,0.0275848,1109,51,1075,54,1041,59,1006,61,972,62,938,61,903,59
2637,208,0.0315108,-0.0315108,0.0599353,0.0863914,0.0275848,1118,50,1084,54,1049,57,1015,61,980,63,946,62,911,60
2638,200,9.26536e-05,0.0298711,0.0300352,0.0604394,0.0293106,1117,50,1084,54,1051,58,1018,61,985,63,952,63,918,62
2639,204,-0.0552597,0.0579122,0.0291589,0.0292599,0.0587139,1123,50,1090,53,1056,58,1022,61,988,63,954,64,920,63
2640,206,9.26387e-05,0.0290087,9.26536e-05,0.0291589,0.0872268,1130,49,1096,53,1062,57,1028,60,994,63,960,65,925,64
2641,201,-0.0298711,0.00342227,0.0263562,0.0300352,0.0604394,1137,49,1104,52,1071,56,1037,60,1004,63,971,65,937,65
2642,202,0.00342227,-0.00342227,0.0325236,0.0273827,0.0310361,1141,48,1108,52,1074,56,1041,60,1007,63,974,65,940,66
2643,196,0.00363867,-0.00363867,0.0336025,-0.00272424,0.0630904,1140,48,1108,52,1075,56,1043,60,1010,63,978,66,945,67
2644,203,-0.0263562,9.26387e-05,-0.00342227,0.0325236,0.0585114,1148,48,1115,51,1081,55,1047,59,1014,63,980,66,946,67
2645,196,0.00363867,-0.00363867,0.00363867,0.0270542,0.0328521,1150,47,1118,51,1085,55,1053,59,1020,63,988,66,955,68
2646,203,-0.0263562,-0.0288109,0.0552597,-0.0263562,0.0582603,1160,47,1127,50,1093,54,1059,59,1026,62,992,66,958,68
2647,206,9.26387e-05,9.26387e-05,9.26387e-05,9.26387e-05,0.0599353,1169,46,1135,50,1101,54,1067,58,1033,62,999,66,964,68
2648,196,0.00363867,-0.00363867,0.00363867,-0.00363867,0.0637303,1164,46,1132,50,1099,54,1067,58,1034,62,1002,66,969,68
2649,193,-0.0614273,0.0614273,-0.0307856,9.26536e-05,0.0307856,1169,46,1137,49,1105,54,1073,57,1041,61,1009,65,977,68
2650,194,-0.0618435,0.0307856,-0.0614273,9.26536e-05,0.0342804,1173,47,1141,49,1109,53,1077,56,1045,61,1013,66,980,70
2651,197,-0.0302011,-0.0602735,-0.0945954,-0.0235823,0.0290768,1178,50,1146,50,1113,51,1080,54,1048,60,1015,67,982,73
2652,184,-0.100212,-0.0987224,-0.155421,-0.00705738,-0.140009,1175,54,1145,50,1114,49,1084,51,1053,58,1023,65,992,77
2653,184,-0.0689797,-0.128231,-0.15982,-0.161745,-0.128818,1179,58,1149,52,1118,48,1088,48,1057,53,1027,63,996,78
2654,180,-0.0716074,-0.0984879,-0.133044,-0.193942,-0.229262,1183,61,1154,54,1124,49,1094,47,1064,49,1034,57,1004,73
2655,174,-0.0741508,-0.0335764,-0.136974,-0.136974,-0.28426,1185,63,1157,56,1128,51,1099,47,1070,47,1041,51,1012,64
2656,173,0.305384,0.103233,0.142147,0.0272165,0.0327381,1017,59,1045,48,1074,46,1103,47,1131,52,1160,58,1189,65
2657,169,0.242508,0.142342,0.0698805,0.0342918,0.0337927,1022,54,1050,46,1078,45,1106,48,1134,53,1162,59,1190,66
2658,168,0.146986,0.141804,0.0347191,0.0342918,9.26387e-05,1030,50,1057,46,1085,46,1113,50,1141,55,1169,61,1197,67
2659,164,0.184504,0.0730467,0.0359398,0.0354655,-0.00748296,1036,48,1063,45,1090,47,1117,51,1144,56,1171,62,1199,68
2660,158,0.153227,0.0376801,0.0372463,0.0367179,-0.00803725,1043,46,1069,45,1095,48,1121,52,1147,57,1173,63,1200,69
2661,154,0.114784,0.0824263,-0.00731462,0.00731462,0.0293106,1049,46,1074,46,1100,49,1125,54,1151,59,1176,64,1202,70
2662,149,0.036195,0.077874,0.00790718,-0.00790718,0.0380568,1057,45,1081,47,1106,50,1131,55,1155,60,1180,65,1205,71
2663,146,0.0819148,0.0401541,9.26536e-05,-0.0401541,0.0703036,1061,45,1085,47,1109,51,1133,56,1157,61,1181,65,1206,71
2664,143,0.118564,-0.0401541,0.0488194,-0.00857264,0.0394906,1067,46,1090,48,1114,53,1138,57,1161,62,1185,67,1209,73
2665,139,0.0423956,0.0417772,9.26536e-05,-0.0842655,0.165646,1074,47,1097,50,1120,54,1143,59,1166,64,1189,67,1212,74
2666,138,0.0365704,0.0417772,9.26536e-05,-0.0417772,0.123157,1076,47,1098,50,1121,54,1144,59,1167,64,1190,68,1213,75
2667,132,-0.0526011,0.0442331,0.0435304,-0.0435304,0.168825,1083,48,1104,52,1126,55,1148,59,1170,64,1192,68,1214,76
2668,126,-0.0090814,9.26536e-05,9.26536e-05,9.26536e-05,0.175665,1088,48,1108,52,1129,56,1150,60,1171,64,1192,68,1213,76
2669,123,0.048413,-0.0090814,0.0566645,-0.0474904,0.166491,1092,49,1112,52,1132,56,1153,60,1173,65,1193,69,1214,77
2670,117,9.26536e-05,0.040701,0.108391,-0.09829,0.129086,1096,50,1115,53,1134,56,1154,60,1173,66,1192,70,1212,77
2671,111,9.26536e-05,0.0920824,-0.0385621,9.26536e-05,0.134229,1103,51,1121,54,1139,57,1158,62,1176,66,1194,70,1213,77
2672,108,-0.00943087,9.26536e-05,0.156509,-0.156509,0.20565,1106,52,1123,55,1141,58,1159,61,1177,67,1195,70,1213,77
2673,107,0.0479473,0.0534276,0.0672898,-0.0672898,-1.05656,1108,53,1125,55,1143,58,1161,62,1178,67,1196,71,1205,61
2674,99,-0.0609003,0.106643,0.0137953,9.26536e-05,0.0409801,1114,54,1130,57,1146,59,1163,63,1179,67,1195,71,1212,76
2675,91,-0.0631142,0.0631142,9.26536e-05,0.0610555,-0.189106,1119,53,1134,57,1149,60,1164,64,1179,68,1194,73,1209,75
2676,90,0.0373898,-0.119811,0.119811,-0.183018,-0.577809,1126,54,1140,59,1155,65,1170,69,1185,75,1200,78,1215,72
2677,98,-0.220246,-0.109433,0.0557931,-0.421097,-0.688418,1124,52,1139,63,1155,70,1171,75,1187,81,1203,80,1218,66
2678,108,-0.381736,-0.183605,-0.225366,-0.58328,-0.564477,1124,50,1136,67,1153,78,1170,85,1188,88,1206,80,1218,62
2679,115,-0.396669,-0.417896,-0.207404,-0.785306,-0.132459,1122,56,1133,74,1151,87,1170,91,1189,91,1204,76,1217,59
2680,111,0.170643,0.432315,0.463555,0.307474,0.710105,1215,58,1203,75,1188,90,1169,97,1151,95,1133,87,1124,68
2681,118,0.124262,0.278207,0.457047,0.49224,0.58791,1216,56,1202,74,1186,90,1168,100,1148,101,1129,92,1117,72
2682,111,-0.0342286,0.226389,0.303642,0.486807,0.650451,1216,55,1201,71,1187,87,1169,100,1151,106,1133,103,1117,86
2683,118,0.0893466,0.123258,0.298259,0.544078,0.668469,1216,55,1201,72,1182,90,1163,104,1143,111,1124,107,1109,89
2684,116,0.149323,0.091523,0.110138,0.524703,0.563224,1215,55,1200,73,1182,89,1163,103,1144,114,1125,114,1106,102
2685,112,0.162753,0.102165,0.0177272,0.171286,0.568432,1217,51,1204,68,1187,84,1170,97,1151,111,1133,120,1114,118
2686,111,0.165056,0.192067,0.0373898,0.0393605,0.44358,1216,51,1204,69,1189,85,1171,98,1153,110,1135,121,1116,123
2687,120,0.280512,0.247674,0.13631,0.040701,0.177783,1215,51,1206,70,1191,87,1172,100,1152,110,1132,119,1112,124
2688,124,0.230127,0.419558,0.218576,0.0766792,0.0566645,1215,51,1207,71,1193,91,1173,103,1152,110,1132,115,1111,119
2689,127,0.130143,0.476825,0.496064,0.233651,0.0474904,1214,48,1209,69,1201,90,1182,107,1161,112,1140,112,1119,111
2690,135,0.134338,0.605452,0.649778,0.270963,0.199116,1210,50,1209,72,1205,94,1185,114,1163,117,1141,114,1118,106
2691,133,0.181227,0.391761,0.569044,0.698907,0.283701,1207,50,1209,72,1207,94,1196,115,1175,127,1153,123,1131,112
2692,140,0.173384,0.247906,0.503152,0.819461,0.459958,1206,50,1208,73,1206,96,1198,119,1178,137,1155,135,1132,121
2693,146,0.207404,0.0809477,0.55289,0.647177,0.611162,1206,51,1208,75,1205,99,1200,123,1182,142,1158,146,1135,135
2694,138,0.0453306,0.172098,0.135769,0.695922,0.394446,1206,50,1207,72,1207,95,1203,118,1196,140,1174,154,1151,158
2695,149,-0.039886,0.119716,0.203871,0.546935,0.534487,1206,45,1206,69,1207,94,1205,119,1198,143,1175,164,1151,169
2696,144,0.0433582,0.0830486,0.0819148,0.47826,0.328784,1206,49,1207,72,1207,96,1205,120,1201,144,1183,168,1161,183
2697,150,0.039886,9.26387e-05,0.118584,0.35174,0.48384,1208,49,1208,73,1207,98,1206,123,1202,148,1188,173,1168,186
2698,156,0.0783286,0.0382366,0.0380121,0.317439,0.155502,1208,49,1209,74,1208,100,1206,126,1203,152,1191,178,1177,199
2699,142,0.0866457,0.0433582,0.121605,0.0899411,0.0977153,1208,47,1210,70,1210,94,1209,117,1205,141,1199,164,1192,183
2700,117,0.102527,0.154743,0.00253201,0.154821,0.0838679,1206,52,1210,71,1212,90,1211,110,1210,129,1206,148,1200,168
2701,162,0.152245,0.184504,0.179642,0.194957,-0.061755,1205,54,1212,80,1215,107,1213,134,1206,161,1193,188,1182,215
2702,156,0.119622,0.151453,0.228338,0.273567,0.115334,1203,54,1211,79,1216,105,1217,131,1212,157,1199,183,1182,209
2703,152,0.109918,0.155622,0.159567,0.265633,0.259896,1202,52,1211,77,1217,102,1219,127,1217,152,1208,177,1190,203
2704,150,0.011955,0.150955,0.198541,0.232937,0.267318,1201,53,1209,77,1217,102,1221,127,1220,152,1213,177,1198,202
2705,164,9.26536e-05,0.0692938,0.181556,0.220038,0.335943,1199,45,1207,72,1215,99,1221,126,1222,153,1217,180,1201,208
2706,157,9.26387e-05,0.0716074,0.11183,0.229661,0.285271,1199,51,1207,77,1215,103,1221,129,1224,155,1221,181,1210,207
2707,167,0.00860278,-0.0332283,0.0950962,0.183018,0.211001,1197,39,1204,66,1211,94,1219,122,1224,149,1224,177,1218,205
2708,161,0.0103508,0.0692938,0.028588,0.115957,0.256957,1197,47,1205,73,1213,100,1219,127,1224,153,1226,180,1221,207
2709,151,0.109918,9.26536e-05,9.26536e-05,0.116023,0.119336,1197,49,1206,74,1212,99,1218,124,1224,149,1227,174,1227,199
2710,160,0.0450962,0.0249681,0.0442331,0.065927,0.152557,1194,44,1203,70,1211,97,1218,123,1224,150,1228,176,1228,203
2711,155,0.0122186,0.0346527,0.139751,-0.0312404,0.151453,1193,45,1202,70,1211,96,1219,122,1223,147,1228,173,1229,199
2712,151,0.101872,0.03576,0.112215,0.077874,0.0793576,1191,49,1203,74,1212,99,1220,124,1225,149,1228,174,1229,199
2713,154,0.0470189,0.0867595,0.230586,-0.00445967,0.157779,1188,48,1201,73,1213,99,1222,124,1225,150,1228,175,1227,201
2714,155,0.0298385,0.110155,0.280719,0.0808937,0.115122,1184,50,1199,75,1213,100,1224,126,1227,151,1228,177,1226,203
2715,154,-0.0174494,0.157932,0.294778,0.192535,0.0748053,1179,50,1195,74,1213,100,1225,125,1229,151,1228,176,1225,202
2716,151,-0.0815437,0.159058,0.313,0.237282,0.0793576,1176,51,1192,75,1211,99,1225,124,1230,149,1229,174,1226,199
2717,142,-0.0356065,0.0356065,0.285959,0.278207,0.167713,1173,51,1189,74,1207,98,1223,121,1231,145,1232,168,1229,192
2718,138,0.0144759,9.26536e-05,0.19031,0.359275,0.173384,1170,51,1186,72,1203,95,1220,118,1231,141,1233,164,1231,187
2719,137,-0.00845415,-0.00761928,0.102707,0.319555,0.257419,1168,50,1183,71,1199,93,1216,116,1229,138,1234,161,1233,184
2720,135,-0.0217379,-0.0161661,0.0696863,0.178318,0.344775,1164,46,1179,68,1194,89,1211,112,1225,134,1234,156,1235,179
2721,132,0.0842549,-0.0619744,9.26325e-05,0.202076,0.381112,1162,46,1178,67,1192,89,1208,111,1224,133,1234,155,1235,177
2722,130,0.1097,-0.117276,0.0525652,0.0791801,0.3392,1160,45,1175,65,1188,87,1204,108,1219,130,1231,151,1235,173
2723,126,0.127777,-0.0797373,-0.023159,0.089101,0.190236,1158,45,1173,64,1185,84,1200,105,1215,125,1228,146,1236,167
2724,124,0.149051,-0.124262,9.26536e-05,0.102989,0.0959076,1156,44,1171,63,1183,84,1198,104,1213,124,1225,144,1235,165
2725,125,0.113889,-0.0658493,0.00943087,0.0226307,0.143491,1153,42,1168,61,1181,82,1196,103,1210,123,1224,144,1234,165
2726,123,0.0670332,-0.0670332,0.0326825,0.0342581,0.0937693,1151,42,1166,62,1179,82,1194,102,1208,122,1221,142,1232,163
2727,119,0.0585589,-0.0670332,0.00838172,0.0242081,0.146986,1149,41,1163,60,1176,80,1191,100,1205,119,1219,139,1229,159
2728,125,0.0801942,-0.0866457,0.0311472,0.0670332,0.131863,1145,40,1160,59,1174,80,1190,100,1205,120,1218,140,1228,161
2729,127,0.112473,-0.0841519,0.0296605,0.230229,0.122576,1142,42,1160,62,1175,83,1192,103,1208,123,1218,144,1225,165
2730,129,0.0513132,-0.0269278,0.134229,0.287005,0.184033,1136,44,1157,64,1175,83,1194,102,1210,123,1218,144,1222,166
2731,139,0.0218185,9.26536e-05,0.22955,0.373521,0.168351,1130,47,1153,66,1175,85,1197,104,1213,126,1219,149,1221,172
2732,142,-0.0197067,0.048413,0.218452,0.50159,0.172325,1125,52,1148,68,1172,84,1195,101,1215,124,1220,147,1221,171
2733,148,-0.108391,0.0484625,0.257231,0.540327,0.244886,1121,56,1145,72,1170,85,1194,99,1215,120,1221,144,1221,169
2734,147,-0.0643342,-0.016035,0.14039,0.58791,0.434677,1116,59,1140,73,1164,85,1189,97,1213,113,1223,137,1222,162
2735,147,-0.148047,-0.0151628,0.0151628,0.46042,0.600599,1110,59,1133,74,1157,85,1182,96,1206,107,1223,128,1225,153
2736,143,-0.183018,0.0348785,-0.0195423,0.247669,0.747666,1107,60,1130,75,1154,85,1178,96,1201,106,1223,123,1227,147
2737,143,-0.114162,-0.0687638,-0.0599616,0.128818,0.660951,1099,58,1122,73,1146,85,1170,95,1193,103,1217,115,1228,138
2738,162,9.26536e-05,-0.133338,-0.063426,9.26387e-05,0.657399,1081,49,1107,65,1133,81,1160,93,1187,103,1214,113,1229,137
2739,160,0.0101739,-0.129421,-0.0454394,-0.0882841,0.462421,1075,47,1101,63,1128,80,1154,92,1181,103,1207,111,1228,131
2740,145,-0.124262,-0.0687638,-0.0359278,-0.0369275,0.276576,1086,57,1110,73,1134,85,1158,95,1182,104,1206,112,1228,127
2741,147,-0.124262,-0.016035,-0.0886567,-0.0748839,0.212536,1080,55,1104,71,1128,83,1153,95,1177,104,1201,111,1225,124
2742,153,-0.0897012,-0.0470189,-0.0518087,-0.107405,0.237387,1074,54,1099,70,1124,83,1150,95,1175,105,1200,112,1225,126
2743,153,-0.149564,-0.0150195,-0.0518087,-0.0707108,0.153852,1071,54,1096,71,1121,83,1147,95,1172,105,1197,113,1223,126
2744,157,-0.146574,9.26536e-05,-0.0320745,-0.0669037,0.0990708,1066,53,1092,70,1118,82,1144,94,1170,105,1196,114,1222,126
2745,156,-0.164676,9.26536e-05,9.26536e-05,-0.0990708,0.0990708,1062,52,1087,69,1113,81,1139,93,1165,105,1191,114,1217,126
2746,160,-0.0718831,-0.106765,0.04839,-0.115386,0.0848874,1055,49,1081,66,1108,81,1134,92,1161,105,1187,114,1214,126
2747,176,0.036255,-0.105641,-0.0282478,-0.0587823,0.0462709,1041,43,1069,59,1098,77,1127,91,1156,104,1185,115,1215,128
2748,162,-0.100629,-0.0295364,9.26387e-05,-0.093925,0.063426,1047,47,1073,64,1100,78,1127,91,1154,104,1181,114,1208,126
2749,169,-0.0961008,-0.0570463,9.26536e-05,-0.0602439,0.0602439,1043,46,1070,64,1098,79,1126,92,1154,105,1182,116,1210,129
2750,182,-0.0240572,-0.0766792,-0.0269278,-0.0560281,0.0435954,1027,37,1057,56,1087,74,1117,89,1147,103,1177,115,1208,129
2751,174,-0.135769,-0.0274931,9.26536e-05,-0.0282478,-0.0289864,1034,42,1061,61,1090,76,1119,90,1148,104,1177,117,1206,129
2752,176,-0.0780557,9.26387e-05,-0.0274931,-0.0573268,0.016475,1032,44,1061,62,1090,77,1119,92,1148,106,1177,118,1207,131
2753,182,-0.0723609,-0.025499,-0.0532375,9.26536e-05,-0.0394551,1023,37,1053,57,1083,74,1113,90,1143,104,1173,118,1204,131
2754,181,-0.0489277,-0.0518087,9.26536e-05,-0.0546471,-0.0573704,1024,40,1054,59,1084,76,1114,91,1144,106,1174,119,1204,130
2755,182,-0.0979526,9.26536e-05,-0.0262171,-0.0546471,-0.0394815,1021,39,1051,59,1081,75,1111,91,1141,106,1171,119,1202,131
2756,183,-0.0489277,-0.0138523,-0.0648842,-0.0276267,-0.0117357,1017,38,1047,57,1077,74,1108,91,1138,105,1168,118,1199,131
2757,181,-0.0723609,-0.025499,-0.0262171,-0.0546471,9.26325e-05,1013,36,1043,56,1073,73,1103,89,1133,104,1163,117,1193,130
2758,193,-0.0898052,-0.0239629,-0.0245937,-0.0252184,-0.0794732,1005,31,1037,53,1069,71,1101,88,1133,104,1165,119,1197,131
2759,182,-0.0643611,-0.025499,-0.0262171,-0.0269278,-0.0123401,1008,35,1037,54,1067,71,1097,87,1127,102,1157,116,1188,130
2760,183,-0.0723609,-0.0138523,-0.0378638,-0.0546471,0.0151939,1004,33,1034,53,1064,70,1095,87,1125,102,1155,115,1186,129
2761,183,-0.0240572,-0.0387228,-0.0378638,-0.0546471,0.0151939,1002,33,1032,52,1062,70,1093,87,1123,102,1153,115,1184,129
2762,190,-0.0829278,-0.0106928,-0.0378638,-0.0393605,-0.0653311,998,31,1029,52,1061,70,1092,87,1124,103,1155,117,1187,129
2763,202,-0.0130472,-0.00922798,-0.0586632,-0.0369275,-0.0613334,983,24,1016,44,1050,64,1083,83,1117,100,1150,115,1184,128
2764,188,-0.0230203,-0.0481565,-0.0508501,-0.0534892,0.0152383,991,29,1022,49,1053,68,1084,85,1115,100,1146,113,1178,127
2765,189,-0.0468071,-0.0135843,-0.0881024,0.0263743,-0.091798,991,30,1022,50,1053,68,1085,86,1116,100,1147,115,1179,127
2766,191,-0.0373711,9.26536e-05,-0.0616355,-0.0122321,-0.0794732,988,30,1019,49,1051,67,1083,85,1114,100,1146,115,1178,127
2767,197,0.0152535,0.0743738,0.0366016,0.0323818,-0.0933182,976,33,1008,46,1041,60,1074,77,1106,95,1139,115,1172,131
2768,181,-0.0307617,0.148213,0.0809568,0.164033,-0.0272472,985,44,1015,53,1045,61,1075,74,1105,90,1135,113,1164,134
2769,182,-0.0321542,0.0953611,0.175932,0.174006,0.229071,980,50,1010,56,1040,61,1070,69,1100,83,1130,104,1156,133
2770,211,0.0280124,9.26387e-05,0.13631,0.262027,0.35914,955,52,990,56,1025,61,1060,66,1095,76,1130,97,1157,131
2771,206,-0.0579122,0.0290087,0.0858438,0.236705,0.502065,962,56,996,61,1030,64,1064,68,1098,75,1132,91,1156,124
2772,207,-0.115824,0.0266568,0.0315108,0.16885,0.463555,955,57,989,63,1023,65,1058,68,1092,72,1126,82,1155,109
2773,211,-0.111798,-0.0283319,9.26536e-05,0.0847236,0.389734,943,57,978,64,1013,67,1048,69,1083,71,1118,76,1152,96
2774,222,-0.0842655,-0.0535957,-0.0268884,0.0268884,0.354055,929,56,965,63,1002,67,1039,69,1076,70,1113,72,1150,88
2775,222,-0.110886,-0.0266931,-0.134813,0.10791,0.283784,929,56,965,64,1002,68,1039,71,1076,69,1113,71,1150,84
2776,235,-0.0495796,-0.0757848,-0.0766792,-0.0511445,0.302147,913,54,952,62,991,68,1030,71,1069,71,1108,69,1147,79
2777,232,-0.079815,-0.0476797,-0.13042,-0.026855,0.20514,908,53,946,62,985,68,1023,72,1062,71,1100,69,1139,75
2778,238,-0.0534605,-0.0709463,-0.0771193,-0.101674,0.126638,898,52,937,61,977,68,1016,72,1056,73,1095,70,1135,72
2779,237,-0.0733139,-0.0778349,-0.0483388,-0.127916,0.126638,893,51,932,61,971,68,1011,72,1050,74,1089,71,1129,73
2780,229,-0.100629,-0.0256818,-0.104425,-0.0788001,0.0788001,894,52,932,62,970,68,1008,73,1046,74,1084,72,1122,73
2781,232,-0.0796349,-0.0466761,-0.0794976,-0.0511445,9.26536e-05,889,51,927,61,966,68,1004,73,1043,75,1081,75,1120,75
2782,236,-0.122168,9.26325e-05,-0.0757848,-0.0510438,-0.0505375,881,50,920,61,959,67,998,73,1037,76,1076,77,1116,76
2783,236,-0.0733139,9.26387e-05,-0.100732,-0.0254421,-0.0261497,874,49,913,59,952,66,991,73,1030,76,1069,78,1109,79
2784,236,-0.122168,0.0248542,-0.049994,-0.0761797,-0.0261497,868,48,907,59,946,65,985,72,1024,77,1063,79,1103,80
2785,240,-0.0535145,-0.0240572,-0.048798,-0.0494025,-0.0248088,860,47,899,57,939,65,979,72,1019,77,1059,80,1099,82
2786,236,-0.0485884,-0.0495796,9.26325e-05,-0.05035,-0.0521557,857,47,896,57,935,65,974,71,1013,77,1052,81,1092,83
2787,235,-0.0485884,-0.0246328,-0.0248542,-0.05035,-0.0253422,850,46,889,56,928,64,967,71,1006,77,1045,81,1084,84
2788,239,-0.0535145,-0.0240572,-0.0205037,-0.00366673,-0.0491286,843,45,882,55,922,63,962,70,1001,76,1041,82,1081,86
2789,239,-0.0535145,9.26536e-05,-0.0197067,-0.0531485,9.26536e-05,838,44,877,54,917,62,957,70,996,77,1036,82,1076,87
2790,247,-0.0459422,-0.0232916,-0.0235069,9.26387e-05,-0.0717554,826,41,867,52,908,61,949,69,990,76,1031,83,1072,87
2791,244,-0.0755728,0.028521,-0.0521206,-0.0201186,-0.0274453,826,42,866,53,907,61,947,70,988,77,1028,83,1069,88
2792,241,-0.0469591,-0.0238262,-0.0240572,9.26536e-05,-0.0242631,822,41,862,52,902,61,942,69,982,76,1022,83,1062,89
2793,242,-0.0469591,-0.0238262,9.26536e-05,-0.0240572,-0.051801,820,41,860,52,900,61,940,69,980,77,1020,84,1061,89
2794,241,-0.0469591,9.26387e-05,-0.0479761,9.26536e-05,-0.0242631,815,40,855,51,895,60,935,69,975,76,1015,83,1055,89
2795,238,-0.0535027,-0.0189002,-0.00483341,-0.0197067,-0.0286136,814,40,853,51,893,60,932,68,972,76,1011,83,1051,89
2796,239,-0.0535027,9.26387e-05,-0.0436256,0.0197067,-0.048413,807,39,846,50,886,59,926,68,965,75,1005,83,1045,89
2797,244,-0.0521886,0.00513682,-0.028521,-0.0193624,-0.00405179,800,38,840,49,881,58,921,67,962,75,1002,82,1043,89
2798,243,-0.0232949,-0.028801,-0.0185968,-0.0240572,-0.00405179,797,37,837,48,877,58,918,67,958,75,998,82,1039,89
2799,239,-0.00593137,-0.0235716,-0.0189002,-0.0289833,0.0240572,793,37,832,47,872,57,912,66,951,74,991,81,1031,89
2800,241,-0.0469591,9.26387e-05,-0.0238262,9.26536e-05,9.26536e-05,787,36,827,47,867,56,907,65,947,73,987,81,1027,89
2801,245,-0.00565441,-0.023054,-0.0185968,-0.00460215,-0.0235069,783,36,823,46,864,56,905,65,945,73,986,81,1027,88
2802,238,-0.0298385,-0.0180872,-0.0293106,0.00483341,-0.0289833,783,35,822,46,862,56,901,65,941,73,980,81,1020,88
2803,244,-0.00565441,-0.0178245,-0.028521,0.00460215,0.0185968,776,35,816,45,857,55,897,64,938,72,978,80,1019,89
2804,244,-0.00565441,-0.0178245,-0.00513682,-0.0185968,-0.00460215,771,34,811,44,852,54,892,63,933,72,973,80,1014,88
2805,245,-0.00565441,-0.023054,0.00513682,-0.028521,9.26536e-05,768,34,808,44,849,54,890,63,930,72,971,80,1012,88
2806,238,-0.0295956,0.00539175,-0.00539175,-0.0436256,0.0436256,767,34,806,44,846,53,885,62,925,71,964,78,1004,87
2807,241,9.26536e-05,-0.0235716,0.0235716,-0.0716403,0.0240572,763,33,803,43,843,53,883,62,923,72,963,79,1003,87
2808,238,-0.0295956,0.00539175,-0.00539175,-0.0189002,0.0189002,761,33,800,43,840,52,879,61,919,70,958,78,998,87
2809,248,9.26536e-05,0.023054,-0.023054,-0.0468911,0.0645493,746,32,787,41,828,50,869,60,910,69,951,76,993,86
2810,241,-0.0235716,0.0235716,-0.0474904,9.26536e-05,0.0238262,756,33,796,43,836,52,876,62,916,70,956,78,996,87
2811,238,-0.0295956,0.00539175,0.0180872,-0.0672898,0.0436256,752,32,791,42,831,51,870,60,910,70,949,77,989,86
2812,238,-0.0295956,0.00539175,-0.00539175,-0.0189002,-0.00483341,750,32,789,42,829,51,868,60,908,69,947,77,987,85
2813,241,9.26536e-05,9.26536e-05,-0.0474904,9.26536e-05,0.0238262,745,31,785,41,825,51,865,61,905,69,945,77,985,86
2814,250,-0.00539577,0.00539577,-0.0280456,0.00489899,-0.0277708,734,29,775,39,817,49,858,59,900,68,941,77,983,85
2815,243,9.26536e-05,-0.028801,0.00513682,9.26387e-05,-0.028521,738,30,778,40,818,50,859,59,899,68,939,77,980,85
2816,244,-0.028801,0.028801,-0.0521853,0.028521,-0.00513682,734,30,774,40,815,49,855,59,896,67,936,76,977,85
2817,242,9.26536e-05,-0.0235716,9.26387e-05,-0.0238262,0.0185968,731,29,771,39,811,49,851,58,891,67,931,75,972,84
2818,237,-0.0241112,0.0180872,-0.0425644,9.26536e-05,0.0189002,729,29,768,39,807,48,847,58,886,66,925,74,965,83
2819,240,-0.0295956,0.0235716,-0.0474904,0.0238262,-0.0238262,727,29,766,39,806,48,846,58,886,66,926,75,966,83
2820,242,-0.0235716,0.0235716,-0.0474904,0.0238262,-0.00513682,722,28,762,38,802,47,842,57,882,65,922,74,963,83
2821,244,0.0417434,0.00565441,-0.028801,-0.0185968,0.0417434,715,28,755,36,796,46,836,56,877,65,917,73,958,83
2822,241,9.26536e-05,0.0474904,-0.0235716,0.0235716,-0.0474904,718,30,758,38,798,46,838,56,878,65,918,75,958,83
2823,243,0.0245937,0.0916373,0.028801,0.0916035,-0.0518517,707,33,747,37,787,42,828,51,868,61,908,75,949,87
2824,231,9.26536e-05,0.101107,0.15417,0.138799,0.0325827,712,39,750,40,788,41,827,46,865,57,903,74,942,93
2825,237,0.0255091,0.0755012,0.127545,0.254719,0.161249,703,44,742,42,781,41,821,43,860,50,899,68,939,95
2826,240,-0.0747672,0.0497724,0.099762,0.216504,0.343477,692,46,731,46,771,43,811,42,851,45,891,57,929,85
2827,235,-0.0766792,9.26536e-05,0.102315,0.151868,0.316253,689,48,728,48,767,45,806,42,845,43,884,50,923,71
2828,247,-0.0486492,-0.0242061,0.0485625,0.121546,0.336608,679,49,720,49,761,47,802,44,843,43,884,47,925,66
2829,241,-0.124726,0.0248088,-0.0248088,0.124726,0.218315,678,49,718,51,758,48,798,46,838,43,878,45,918,56
2830,244,-0.0742512,-0.0503818,0.00172663,0.0729479,0.169009,671,49,711,51,752,50,792,47,833,44,873,44,914,51
2831,244,-0.148318,-0.00112389,-0.0229895,0.0729479,0.0242928,909,48,869,44,828,46,788,48,747,51,707,51,666,50
2832,255,-0.166167,0.0252045,0.0457569,0.0475174,0.0457569,902,47,860,44,818,48,775,51,733,52,691,51,648,48
2833,243,-0.0747672,0.00172663,0.0479531,0.0498969,0.0479531,892,46,852,46,812,49,771,52,731,53,691,52,650,49
2834,246,-0.0479531,0.0242061,0.0486492,0.0242928,0.0485625,888,47,848,48,807,51,766,53,725,53,684,52,643,49
2835,256,-0.0225805,-0.00101232,0.0707421,0.0242388,-0.0707421,877,49,835,50,792,52,750,54,707,53,665,51,622,52
2836,243,0.0248088,-0.0747672,-0.0249021,9.26536e-05,0.000516731,632,49,672,51,712,54,753,54,793,53,833,52,874,51
2837,248,9.26536e-05,-0.0485625,-0.0486782,9.26536e-05,0.000487729,621,48,662,51,703,54,744,55,785,54,826,53,868,52
2838,243,-0.0745812,0.0236544,-0.0486492,9.26536e-05,-0.0242928,618,48,658,52,698,53,739,55,779,55,819,55,860,54
2839,249,-0.0484187,-0.00106609,-0.0474904,9.26536e-05,-0.0237124,608,48,649,52,690,54,732,56,773,56,814,56,856,55
2840,248,-0.0484187,9.26387e-05,-0.0242638,-0.0242928,9.26536e-05,605,48,646,52,687,54,728,56,769,57,810,57,852,57
2841,245,-0.0508341,9.26387e-05,-0.0236544,-0.000516731,-0.0242928,602,48,642,52,683,54,724,56,764,57,805,58,846,58
2842,249,-0.0484187,-0.00106609,-0.023105,0.0242638,-0.0248442,591,48,632,52,673,54,715,56,756,57,797,59,839,60
2843,245,-0.0508341,0.0242061,-0.0479531,0.0236544,-0.0242638,590,48,630,52,671,54,712,57,752,58,793,60,834,61
2844,245,-0.00172663,9.26536e-05,-0.0229895,-0.00112389,-0.0242638,585,48,625,51,666,54,707,57,747,59,788,61,829,62
2845,242,-0.0496176,0.0248088,-0.0248088,9.26278e-05,-0.00112389,583,48,623,52,663,54,703,57,743,59,783,61,824,63
2846,241,9.26325e-05,9.26325e-05,-0.0248088,0.0248088,-0.0248088,579,48,619,51,659,54,699,57,739,59,779,62,819,64
2847,239,-0.00181939,9.26325e-05,0.00181939,-0.0267208,9.26278e-05,574,48,613,51,653,54,693,57,732,60,772,62,812,64
2848,244,-0.00172663,0.00172663,-0.00172663,0.00172663,-0.0260253,567,48,607,51,648,54,688,57,729,60,769,63,810,65
2849,239,0.0491318,9.26325e-05,0.0272542,-0.00244541,-0.0496176,564,49,603,50,643,53,683,56,722,60,762,64,802,66
2850,234,0.0524904,0.0511445,0.0761797,0.049994,9.26387e-05,562,53,600,51,639,51,678,53,717,58,756,65,795,72
2851,242,0.0494025,0.0747672,0.124262,0.120531,0.0396591,554,58,594,53,634,50,674,50,714,55,754,65,795,77
2852,233,0.00447949,0.0752968,0.180898,0.172126,0.181312,551,64,589,57,628,50,667,46,705,49,744,59,783,77
2853,234,-0.0701043,0.0243846,0.176594,0.227864,0.271437,543,68,581,62,620,53,659,45,698,44,737,52,776,72
2854,232,-0.257555,-0.258244,-0.0958788,-0.0304322,0.104582,768,61,731,46,692,41,654,46,615,55,577,65,538,71
2855,238,-0.298406,-0.202229,-0.0425644,0.0180872,0.0778162,764,53,725,41,685,41,646,49,606,59,567,68,527,74
2856,233,-0.233281,-0.149934,-0.0304322,0.0304322,0.04911,758,45,720,39,681,42,642,51,604,61,565,70,526,77
2857,233,-0.20514,-0.122168,0.0422602,0.00566544,0.0740569,752,39,714,37,675,43,636,54,598,63,559,72,520,78
2858,240,-0.169985,-0.0469591,0.0469591,0.0238262,0.122443,743,36,704,38,664,47,624,58,584,67,544,75,504,78
2859,228,-0.12291,9.26536e-05,0.0497348,9.26387e-05,0.0765762,734,35,697,40,659,50,621,60,583,68,545,76,507,81
2860,227,-0.0687409,0.0491223,0.045485,0.00471831,0.0512483,725,35,688,43,650,54,612,63,575,70,537,77,499,82
2861,231,9.26536e-05,0.0549094,-0.00508194,0.0508017,0.0543025,718,37,680,47,642,57,603,65,565,73,527,79,488,83
2862,231,9.26536e-05,0.0549094,0.0200607,0.0254738,0.0543025,714,39,676,49,638,59,599,67,561,74,523,80,484,84
2863,230,0.0491223,0.050296,9.26536e-05,0.0512483,0.0539629,706,42,668,53,630,62,592,69,554,76,516,81,477,84
2864,224,0.0509327,0.0258664,0.0261239,0.0263486,0.0816457,696,46,659,56,622,64,585,71,548,77,511,82,473,84
2865,224,0.0768918,0.0261239,9.26387e-05,0.0263486,0.0816457,691,49,654,59,617,66,580,72,543,78,506,83,468,85
2866,231,0.0758624,0.00385989,-0.00385989,0.0256818,0.0539629,689,52,651,61,613,67,574,73,536,79,498,84,459,87
2867,228,0.0562438,9.26536e-05,0.0256818,9.26387e-05,0.0781517,682,55,645,63,607,69,569,75,531,80,493,85,455,87
2868,228,0.0820183,9.26387e-05,9.26387e-05,9.26387e-05,0.104425,674,58,637,66,599,71,561,76,523,81,485,86,447,87
2869,228,0.0820097,-0.0258578,9.26387e-05,0.0258578,0.0522012,668,61,631,68,593,72,555,77,517,82,479,86,441,88
2870,233,0.0545661,0.0252102,-0.028528,0.028528,0.0764787,669,62,631,69,592,74,553,78,515,83,476,87,437,88
2871,229,0.0256818,0.0258578,9.26536e-05,0.0260003,0.0261082,659,65,621,71,583,76,545,80,507,84,469,87,431,89
2872,229,0.0258578,9.26536e-05,9.26536e-05,0.0260003,0.0261082,658,67,620,72,582,76,544,80,506,84,468,87,430,89
2873,231,0.0519508,-0.0233301,-0.00257757,0.0260003,0.0530559,653,69,615,74,577,77,538,81,500,85,462,88,423,89
2874,230,9.26536e-05,0.0260003,9.26387e-05,9.26387e-05,0.0274541,647,71,609,75,571,79,533,82,495,85,457,88,418,90
2875,231,0.0260003,0.00191942,-0.00191942,9.26387e-05,0.0530559,641,73,603,77,565,80,526,83,488,86,450,89,411,90
2876,226,0.00202748,-0.00202748,0.0282284,-0.0282284,0.0545017,637,75,600,78,562,81,525,84,487,86,450,89,412,90
2877,230,-0.0261082,0.0261082,-0.0261082,9.26387e-05,0.0786913,632,77,594,79,556,82,518,84,480,87,442,90,403,90
2878,229,0.0261082,0.0261807,-0.0523816,9.26387e-05,0.0523816,629,78,591,81,553,83,515,84,477,87,439,90,401,91
2879,219,9.26536e-05,-0.0554059,-0.0830486,-0.0547721,0.0302235,615,87,579,85,543,83,506,83,470,86,434,91,397,95
2880,224,-0.052083,-0.13365,-0.187691,-0.0777539,0.0563484,618,93,581,85,544,79,507,78,470,84,433,93,395,100
2881,218,-0.156509,-0.248197,-0.161745,-0.0766792,0.160895,607,92,571,80,535,74,499,77,463,86,427,98,390,104
2882,213,-0.301641,-0.24714,-0.111536,0.051905,0.086159,596,84,561,72,526,71,490,79,455,91,420,101,384,108
2883,212,-0.282808,-0.192702,-0.0772436,0.0772436,0.140201,590,75,555,68,520,71,485,81,450,94,415,104,379,109
2884,217,-0.328027,-0.0766792,0.0251121,0.0514745,0.189388,584,69,548,66,512,75,476,87,440,98,404,107,368,109
2885,217,-0.268683,-0.0742528,0.0998518,0.105706,0.109558,577,66,541,67,505,78,469,92,433,102,397,108,361,110
2886,210,-0.238434,0.0252459,0.0785147,0.081819,0.169686,568,66,534,70,499,83,464,95,429,104,394,110,359,110
2887,214,-0.173403,0.0662878,0.0857493,0.104784,0.113699,562,67,527,74,491,88,456,99,420,107,385,111,349,111
2888,209,-0.0694918,0.0772436,0.103535,0.0890743,0.113976,552,70,518,80,483,93,448,103,414,109,379,112,344,111
2889,210,0.00890261,0.105494,0.0827215,0.0847236,0.0855518,547,73,513,85,478,97,443,105,408,110,373,112,338,111
2890,213,0.051905,0.086159,0.0781634,0.0566186,0.0847588,544,78,509,90,474,100,438,107,403,111,368,113,332,112
2891,212,0.0785147,0.1097,0.0280124,0.0851357,0.0839695,536,83,501,95,466,104,431,109,396,113,361,114,325,112
2892,209,0.14303,0.0558936,0.025692,0.0593511,0.0855518,530,89,496,100,461,106,426,110,392,113,357,114,322,112
2893,210,0.0889,0.0841803,0.0283319,0.0284245,0.0855518,523,94,489,103,454,109,419,112,384,114,349,115,314,113
2894,215,0.0321542,0.109558,-0.00148962,0.0292175,0.0831765,521,98,486,105,450,111,414,113,379,115,343,116,307,114
2895,210,0.0891606,0.0566186,9.26536e-05,0.0569881,0.0569881,516,101,482,108,447,112,412,114,377,116,342,116,307,114
2896,213,0.0280124,0.0859287,-0.000700368,9.26325e-05,0.0839695,510,105,475,110,440,114,404,115,369,116,334,117,298,115
2897,210,0.0315108,0.056849,9.26325e-05,0.028471,0.0569881,504,108,470,112,435,115,400,116,365,117,330,117,295,115
2898,212,0.0281941,0.056849,9.26325e-05,0.028471,0.0554059,502,109,467,113,432,116,397,117,362,118,327,118,291,116
2899,211,0.0566186,0.0284245,0.028471,9.26536e-05,0.0569881,497,111,462,115,427,117,392,118,357,118,322,118,287,116
2900,215,0.057642,9.26536e-05,-0.000700368,0.028471,0.0554059,495,113,460,116,424,117,388,118,353,119,317,119,281,117
2901,213,0.0284245,0.000700368,-0.000700368,0.0570347,0.0268422,487,115,452,117,417,118,381,119,346,120,311,119,275,117
2902,214,0.0292175,-0.000700368,0.028471,0.028471,0.0268422,487,116,452,118,416,119,381,120,345,120,310,119,274,117
2903,210,-0.000746977,-0.0570347,0.0570347,-0.0570347,9.26325e-05,272,118,306,119,341,120,376,119,411,120,446,119,481,118
2904,210,-0.0879147,9.26536e-05,-0.028471,0.028471,-0.028471,268,118,302,121,337,121,372,121,407,120,442,120,477,119
2905,210,-0.0879147,9.26536e-05,9.26536e-05,-0.028471,9.26325e-05,262,118,296,121,331,121,366,121,401,121,436,120,471,119
2906,207,-0.0292599,-0.0293106,9.26536e-05,-0.0586632,0.0586632,261,119,295,121,329,122,364,122,398,122,432,120,467,120
2907,210,-0.0300995,9.26325e-05,-0.0570347,9.26325e-05,0.028471,257,119,291,121,326,122,361,123,396,122,431,121,466,121
2908,214,-0.0854126,0.028471,-0.0562416,0.027678,9.26536e-05,248,119,283,122,319,122,354,123,390,122,425,122,461,122
2909,206,-0.0585114,-0.0293106,9.26536e-05,-0.0293106,0.0293106,249,119,283,122,317,123,351,123,385,123,419,122,454,122
2910,209,-0.00158239,-0.0569881,-0.0293106,0.0293106,9.26536e-05,247,120,281,122,316,124,351,124,385,123,420,123,455,123
2911,214,-0.00148962,-0.0554059,9.26536e-05,-0.028471,0.028471,240,120,275,122,311,124,346,124,382,124,417,123,453,123
2912,211,-0.056849,-0.028471,9.26536e-05,-0.028471,0.0570347,237,120,272,123,307,124,342,124,377,124,412,123,447,124
2913,214,-0.0292175,-0.027678,0.027678,-0.0562416,0.0562416,229,121,264,123,300,124,335,124,371,125,406,124,442,125
2914,209,-0.0578743,0.028471,9.26536e-05,0.0854126,-0.0283319,230,123,264,124,299,123,334,123,368,123,403,126,438,128
2915,209,-0.0578743,-0.056849,0.0854126,0.113699,0.0835109,226,124,260,125,295,124,330,121,364,121,399,125,434,132
2916,205,-0.146671,-0.115824,0.115824,0.175772,0.16885,226,125,260,128,294,126,328,120,362,118,396,122,430,132
2917,208,-0.23166,-0.0888388,-0.0236734,0.169686,0.278207,222,124,256,130,291,128,325,123,360,117,394,117,429,127
2918,212,-0.311095,-0.0835109,0.0835109,0.0851357,0.220519,427,121,392,114,357,118,322,125,287,129,252,130,216,123
2919,208,-0.310353,0.0769251,0.0607875,0.172455,0.192841,418,115,384,113,349,122,315,128,280,132,246,130,211,121
2920,216,-0.131094,0.052838,0.136457,0.193412,0.158447,417,112,382,116,346,125,310,132,274,134,238,129,202,118
2921,212,-0.0534958,0.164415,0.113699,0.197303,0.124262,408,113,373,121,338,131,303,135,268,135,233,128,197,116
2922,206,-0.108109,-0.142991,-0.175922,-0.170671,0.00698827,195,115,229,127,263,135,297,138,331,135,365,126,400,117
2923,209,-0.138824,-0.1097,-0.171208,-0.195215,-0.0534958,189,112,223,126,258,135,293,140,327,139,362,131,397,121
2924,207,-0.0790574,-0.0612476,-0.195215,-0.175323,-0.132195,184,111,218,124,252,134,287,142,321,143,355,138,390,128
2925,211,-0.126499,-0.0534958,-0.0827215,-0.22731,-0.166092,175,108,210,123,245,133,280,141,315,146,350,143,385,134
2926,209,-0.060217,-0.105494,-0.0499463,-0.23166,-0.112605,175,108,209,122,244,134,279,142,313,148,348,146,383,140
2927,205,-0.102498,-0.0540377,-0.0275876,-0.201595,-0.175323,171,106,205,121,239,132,273,141,307,149,341,150,375,145
2928,208,-0.110889,0.00829769,-0.0880974,-0.10751,-0.202521,165,104,199,119,234,130,268,141,303,149,337,153,372,150
2929,203,-0.0618435,-0.0262987,-0.0465565,-0.0914872,-0.203983,161,103,194,117,228,129,262,140,295,149,329,155,363,154
2930,203,-0.113634,0.0262987,-0.0729479,-0.0350687,-0.230998,158,102,191,117,225,128,259,140,292,149,326,157,360,157
2931,202,-0.0618435,0.00938574,-0.0626269,-0.0481229,-0.178987,154,101,187,115,221,127,254,139,288,149,321,157,355,159
2932,198,-0.0635468,9.26325e-05,-0.0269278,-0.0274233,-0.173518,147,98,179,112,212,124,245,136,278,147,311,157,344,161
2933,201,-0.0523651,0.0163378,-0.0433582,-0.0274233,-0.14813,145,98,178,112,211,124,245,137,278,148,311,158,345,163
2934,198,-0.037047,-0.0264072,9.26325e-05,-0.0544438,-0.085119,140,96,172,110,205,123,238,135,271,147,304,157,337,164
2935,200,-0.0777638,0.0264072,-0.0264072,-0.0269278,-0.118613,137,95,170,110,203,122,236,135,269,147,302,158,336,165
2936,199,-0.051264,-0.0264072,9.26325e-05,9.26325e-05,-0.110842,134,94,167,109,200,122,233,134,266,146,299,158,332,166
2937,195,-0.0794732,0.0164075,-0.0164075,9.26536e-05,-0.120842,131,93,163,108,195,120,228,133,260,145,292,157,325,165
2938,196,-0.0629731,0.0105192,-0.0105192,-0.0440821,-0.0647514,126,91,158,106,191,119,223,132,256,145,288,156,321,165
2939,195,-0.0794732,0.0423655,-0.0423655,9.26536e-05,-0.092426,125,91,157,106,189,118,222,132,254,144,286,156,319,165
2940,196,-0.0370151,-0.0423655,0.0423655,-0.0423655,-0.092426,121,89,153,104,186,118,218,130,251,144,283,156,316,165
2941,195,-0.0776723,0.0152535,-0.0423655,9.26536e-05,-0.0369275,117,87,149,103,181,116,214,130,246,142,278,154,311,165
2942,193,-0.0258335,-0.0264351,-0.0270193,0.0270193,-0.0829051,115,87,147,102,179,116,211,129,243,141,275,154,307,164
2943,190,-0.0381582,-0.0429841,0.0164564,-0.0448111,0.0176991,114,87,145,102,177,116,208,128,240,141,271,152,303,164
2944,190,-0.0381582,-0.0152383,-0.0111041,-0.0448111,-0.00979022,110,85,141,100,173,114,204,127,236,140,267,151,299,162
2945,189,-0.0263743,-0.0382191,-0.0164564,9.26536e-05,-0.0104703,107,84,138,99,169,113,201,126,232,138,263,150,295,162
2946,189,-0.0263743,-0.0116913,-0.0429841,-0.0282621,0.0176991,104,83,135,98,166,112,198,126,229,138,260,149,292,161
2947,190,-0.0639643,-0.0152383,-0.0382161,0.0104703,-0.0104703,102,82,133,98,165,112,196,125,228,137,259,149,291,161
2948,185,-0.0393605,-0.0270223,-0.045542,0.0177962,-0.0282621,103,83,133,98,164,112,195,125,225,136,256,148,287,159
2949,187,-0.0521804,-0.0270223,9.26536e-05,-0.0560078,9.26536e-05,99,81,130,97,161,111,192,124,223,137,254,148,285,159
2950,187,-0.0792953,0.0270223,-0.0547681,-0.0282621,9.26536e-05,98,81,129,97,160,110,191,124,222,136,253,147,284,158
2951,184,-0.0912619,-0.0435954,-0.0110801,-0.0177962,0.0177962,95,79,125,96,156,110,186,122,217,134,247,145,278,157
2952,184,-0.219768,-0.0991239,-0.0687972,0.0687972,-0.0103732,95,75,124,98,155,113,185,124,216,133,246,144,277,155
2953,185,-0.298992,-0.218576,-0.140009,-0.00705738,0.0603804,98,69,120,96,150,116,181,128,211,135,242,142,273,151
2954,186,-0.413418,-0.351206,-0.237074,-0.0633467,0.125515,103,64,116,94,144,120,175,133,206,138,237,141,268,148
2955,186,-0.47826,-0.377349,-0.421437,-0.0959837,0.0320873,110,61,115,91,136,119,167,138,198,142,229,143,260,145
2956,182,-0.556433,-0.410225,-0.50528,-0.198377,0.00098146,118,61,116,91,132,121,161,144,191,149,221,148,252,147
2957,183,-0.483904,-0.440322,-0.58883,-0.375494,-0.161552,129,50,118,80,122,110,142,141,172,154,202,155,233,151
2958,194,-0.717047,-0.429072,-0.474118,-0.606968,-0.395119,149,45,124,66,119,98,128,130,154,158,186,165,219,159
2959,187,-0.404568,-0.381902,-0.460244,-0.581121,-0.497564,147,41,126,70,119,101,124,132,144,160,175,172,206,168
2960,177,-0.355519,-0.298646,-0.365288,-0.595143,-0.54374,153,38,130,66,120,95,119,125,129,154,157,175,187,178
2961,182,-0.258774,-0.349998,-0.360178,-0.585851,-0.502075,157,38,133,66,119,95,116,125,124,155,150,178,181,185
2962,174,-0.245281,-0.27899,-0.369684,-0.476706,-0.575289,168,34,142,58,123,87,114,116,116,145,133,173,162,187
2963,174,-0.216473,-0.24901,-0.386857,-0.498024,-0.510857,175,33,148,55,125,84,112,113,111,142,125,170,153,189
2964,172,-0.134654,-0.229139,-0.450197,-0.443097,-0.512661,180,32,152,55,126,83,110,111,108,140,119,168,146,190
2965,168,-0.147757,-0.165056,-0.409063,-0.455979,-0.479179,185,32,158,52,131,79,111,107,105,135,112,163,135,189
2966,169,-0.0808937,-0.102093,-0.410564,-0.452803,-0.446013,189,31,161,53,134,78,112,103,103,131,107,159,125,186
2967,174,-0.0444324,-0.0993427,-0.37336,-0.461104,-0.476706,192,31,165,52,138,75,113,101,101,130,103,159,120,187
2968,172,-0.0673291,-0.0780289,-0.327565,-0.441554,-0.457026,198,30,170,50,142,73,116,98,101,127,100,155,113,184
2969,177,-0.139242,-0.0873129,-0.309581,-0.461267,-0.390514,204,32,175,48,147,69,118,95,101,124,99,153,109,183
2970,177,-0.102565,-0.131364,-0.329029,-0.393057,-0.366205,206,34,177,49,148,68,119,93,102,122,98,151,105,181
2971,187,9.26536e-05,-0.227909,-0.253721,-0.447043,-0.382276,219,31,188,46,157,61,126,86,103,117,97,148,103,179
2972,185,-0.0397476,-0.182246,-0.285155,-0.435466,-0.319415,216,34,186,48,155,64,124,88,103,117,97,148,101,179
2973,185,-0.0397476,-0.140631,-0.304517,-0.396349,-0.316888,218,34,188,48,157,64,126,86,104,115,96,146,98,177
2974,185,-0.0397476,-0.11885,-0.300553,-0.422094,-0.284709,219,34,189,48,158,64,127,85,103,115,95,146,96,177
2975,189,-0.0257134,-0.0592512,-0.286514,-0.378952,-0.338001,227,31,196,46,165,62,133,81,107,109,95,140,94,172
2976,180,0.0130398,-0.1037,-0.226706,-0.366858,-0.369966,226,33,197,47,167,61,137,79,109,106,95,136,93,166
2977,187,9.26536e-05,-0.0990992,-0.178909,-0.391188,-0.354095,231,31,200,46,169,61,138,80,110,105,95,136,92,167
2978,187,-0.0263743,-0.0990992,-0.088374,-0.406317,-0.334789,238,29,207,43,176,58,145,77,114,100,96,131,90,162
2979,179,-0.0421357,-0.0518087,-0.111101,-0.388467,-0.294799,234,32,205,45,175,60,145,77,116,98,98,127,90,157
2980,176,-0.0543137,9.26325e-05,-0.122484,-0.340211,-0.343054,233,31,204,45,175,61,146,77,117,98,97,127,89,157
2981,178,-0.0137953,-0.0404257,-0.106467,-0.316477,-0.321658,238,30,209,44,179,59,150,75,120,96,99,124,89,154
2982,189,-0.0263743,-0.0616355,-0.0520873,-0.297508,-0.349763,248,27,217,41,186,56,154,74,124,93,100,121,88,153
2983,184,-0.0700623,-0.064795,-0.0342115,-0.291996,-0.304568,249,28,219,40,188,55,158,72,127,91,102,119,88,150
2984,175,-0.0274931,-0.0267279,-0.0512351,-0.288568,-0.33421,241,30,212,44,183,59,154,75,125,93,101,120,89,149
2985,189,-0.0534892,-0.03758,-0.0614266,-0.217273,-0.339838,257,25,226,38,195,53,163,70,132,89,104,116,88,148
2986,189,-0.0270223,-0.0881024,0.0106928,-0.248002,-0.308615,261,24,230,37,199,51,167,69,136,86,107,113,89,145
2987,183,-0.0276267,-0.0648842,-0.0387228,-0.150825,-0.3533,258,25,228,38,198,52,167,69,137,87,108,111,90,142
2988,188,-0.0534892,-0.0257134,-0.0495063,-0.148582,-0.337363,264,23,233,36,202,51,171,67,140,85,110,109,90,141
2989,175,9.26536e-05,-0.0543137,9.26325e-05,-0.222384,-0.288568,251,28,222,42,193,56,164,72,135,88,108,112,90,141
2990,184,-0.0416608,-0.0392033,-0.0115541,-0.168825,-0.304772,263,24,233,37,202,52,172,68,141,85,112,108,91,139
2991,183,0.0546471,-0.0674669,-0.0389889,-0.150328,-0.255739,263,24,233,39,203,52,172,68,142,85,114,107,92,136
2992,184,-0.0416608,-0.0392033,0.0133973,-0.150183,-0.26922,268,23,238,36,207,51,177,67,146,83,117,104,93,134
2993,176,-0.0282478,-0.0274931,-0.0267279,-0.115991,-0.275713,260,27,231,40,202,54,173,69,144,85,116,105,92,135
2994,179,-0.0151153,-0.0269278,-0.0404257,-0.0994907,-0.275617,264,26,235,39,205,53,175,68,146,84,117,104,93,133
2995,182,0.0276267,-0.0809568,9.26536e-05,-0.0979526,-0.253846,269,24,239,38,209,51,179,67,149,83,119,103,94,131
2996,176,9.26536e-05,-0.0849126,-0.0267279,-0.0757442,-0.259794,267,27,238,39,209,51,180,66,151,82,122,101,96,130
2997,191,-0.139819,-0.107148,-0.0631748,-0.115495,-0.202583,284,28,253,34,221,45,189,60,158,77,127,99,99,129
2998,178,-0.0584041,-0.163016,-0.123116,-0.231314,-0.190999,269,37,240,42,210,49,181,61,151,78,124,103,102,133
2999,190,-0.0904772,-0.127466,-0.205686,-0.315151,-0.278792,276,42,245,44,213,49,182,58,150,75,123,103,106,135
3000,195,-0.0623262,-0.175324,-0.200408,-0.457626,-0.273419,275,48,243,48,211,50,178,58,146,73,122,103,108,136
3001,199,-0.0907331,-0.0897468,-0.250765,-0.510669,-0.364479,275,51,242,50,209,52,176,57,143,71,119,102,109,135
3002,191,-0.0321542,-0.0933841,-0.128512,-0.491916,-0.497842,278,54,247,53,215,53,183,56,152,63,122,89,110,121
3003,202,0.0283694,-0.119195,-0.142421,-0.414054,-0.562905,286,57,253,56,219,54,186,56,152,63,121,85,107,119
3004,195,-0.0310863,-0.0614409,-0.0939686,-0.313889,-0.619978,286,59,254,57,222,56,189,57,157,61,125,76,107,108
3005,195,-0.0623262,9.26536e-05,-0.0623262,-0.240373,-0.629499,290,60,258,58,226,58,193,58,161,60,129,70,106,101
3006,195,9.26536e-05,-0.0311472,-0.0311472,-0.154015,-0.581092,295,61,263,60,231,59,198,59,166,60,134,66,107,92
3007,197,-0.00085342,9.26536e-05,-0.0614409,-0.0892912,-0.429137,303,62,271,61,238,60,205,59,173,60,140,64,109,83
3008,203,-0.0302011,0.0293106,-0.0293106,-0.0879147,-0.421492,308,62,275,61,241,61,207,60,174,60,140,63,106,82
3009,197,-0.0623262,0.0302011,0.00085342,-0.0916792,-0.340604,305,64,273,62,240,62,207,61,175,60,142,62,109,76
3010,212,0.0570347,9.26325e-05,0.0284245,-0.0569881,-0.296453,324,63,289,64,254,63,219,62,184,60,149,60,113,71
3011,203,-0.0310361,9.26325e-05,0.000797818,-0.0302011,-0.230998,316,66,283,64,249,63,215,62,182,61,148,61,114,69
3012,201,0.180573,0.0283694,-0.0283694,9.26536e-05,0.0283694,118,65,151,60,184,61,218,63,251,64,284,65,318,67
3013,202,0.149934,0.0310361,-0.0310361,0.000797818,0.0283694,120,64,153,60,187,61,220,63,254,64,287,65,321,67
3014,213,0.114069,-0.00148962,-0.0268422,0.0284245,0.0808326,125,62,160,60,195,62,231,64,266,65,301,67,337,72
3015,207,0.117419,0.0266568,-0.0560094,9.26325e-05,0.0275848,127,62,161,60,195,62,230,65,264,66,298,67,333,69
3016,218,0.110819,-0.0275501,-0.0276352,0.0552779,-0.110069,129,61,165,60,201,63,237,65,273,66,309,69,346,68
3017,198,0.0604394,9.26387e-05,-0.0301456,0.0301456,9.26387e-05,132,61,164,61,197,63,230,65,263,66,296,68,329,70
3018,202,0.0586632,0.00168354,-0.00168354,0.00168354,-0.00168354,134,61,167,61,201,63,234,65,268,67,301,69,335,71
3019,222,0.0261382,9.26536e-05,9.26536e-05,0.0268099,-0.053791,138,61,174,62,211,64,248,66,285,68,322,71,359,72
3020,209,0.0560094,-0.0283319,-0.0275848,0.0275848,0.0283319,141,61,175,62,210,65,245,67,279,68,314,70,349,73
3021,212,9.26325e-05,0.056849,-0.0283319,9.26536e-05,0.0259678,141,62,176,63,211,64,246,67,281,69,316,71,352,74
3022,201,-0.0604394,0.0293106,0.0310361,0.0300352,0.0839197,146,63,179,65,212,65,246,66,279,68,312,71,346,77
3023,201,0.059999,0.0310361,0.149934,0.0883066,0.0769358,150,70,183,66,216,64,250,63,283,67,316,74,350,84
3024,200,0.171286,0.150279,0.20893,0.112635,0.117999,155,75,188,64,221,59,254,59,287,66,320,77,354,93
3025,200,0.325231,0.240939,0.258018,0.0777638,0.0601791,161,76,194,59,227,54,260,57,293,69,326,84,360,102
3026,196,0.355751,0.36551,0.181556,0.0369275,0.0811237,168,69,199,53,232,49,264,57,297,72,329,88,362,108
3027,198,0.388972,0.344884,0.123983,-0.0235588,0.0600234,173,58,205,46,238,47,271,60,304,78,337,95,369,114
3028,199,0.359302,0.325231,0.0235588,-0.0235588,9.26536e-05,177,49,210,42,243,47,276,64,309,82,342,99,375,116
3029,196,0.321658,0.213968,-0.0363719,-0.0609175,0.0130239,187,40,219,40,252,51,284,70,317,88,349,103,382,119
3030,200,0.276163,0.140009,-0.0909413,-0.100332,0.0644791,193,35,226,40,259,55,292,76,325,93,358,106,392,122
3031,200,0.278519,-0.0223678,-0.0708577,-0.0760896,0.0401286,201,33,234,42,267,62,300,81,333,97,366,110,400,125
3032,200,0.191366,-0.0909413,-0.0489751,-0.051264,0.0152436,209,34,242,47,275,68,308,85,341,100,374,113,408,127
3033,201,0.069076,-0.0811237,-0.0623262,-0.0258653,-0.00997672,215,35,248,52,281,72,315,89,348,103,381,116,415,129
3034,205,0.0226004,-0.045852,-0.0729479,-0.0253129,9.26536e-05,221,39,255,57,289,76,323,93,357,107,391,120,425,133
3035,204,-0.0354115,-0.046964,-0.0491429,-0.0512218,0.0258162,228,43,261,62,295,80,329,96,363,110,397,122,431,135
3036,211,-0.0222393,-0.0700263,-0.0242928,-0.0501164,0.0501164,230,46,265,65,300,83,335,98,370,112,405,124,440,138
3037,229,-0.0207377,-0.0650325,-0.0454394,-0.0232733,-0.0477599,238,51,276,71,314,90,352,106,390,120,428,133,466,144
3038,213,-0.0461401,-0.0338943,-0.0390626,-0.0252459,0.0405013,242,55,277,73,312,89,348,104,383,117,418,129,454,143
3039,214,-0.0108817,-0.0605804,-0.0338749,-0.0161489,0.0405013,248,59,283,76,319,93,354,107,390,120,425,132,461,146
3040,215,-0.0572701,9.26536e-05,-0.0390626,-0.0337927,0.0246957,252,62,287,79,323,94,359,109,394,122,430,134,466,147
3041,217,-0.0701955,0.0238072,-0.0481596,-0.0246957,0.0246957,258,66,294,83,330,97,366,112,402,125,438,137,474,150
3042,221,-0.00954096,-0.0233356,-0.0150977,-0.0328256,0.0480159,260,69,296,84,333,99,370,113,406,126,443,138,480,152
3043,220,-0.0564024,0.00906939,-0.0329204,-0.016035,0.016035,267,72,303,88,340,102,376,116,413,129,449,141,486,154
3044,221,-0.0329692,-0.0237584,0.00856802,-0.00856802,9.26325e-05,273,76,309,91,346,105,383,118,419,131,456,144,493,157
3045,223,-0.0471867,0.0237584,-0.0237584,-0.0241649,0.0241649,275,78,312,93,349,106,386,120,423,133,460,145,497,158
3046,224,9.26536e-05,9.26536e-05,-0.0480159,9.26536e-05,0.0392771,281,81,318,95,355,109,392,123,429,135,466,147,504,161
3047,223,-0.0480159,0.0480159,-0.0237584,-0.0241649,0.0241649,286,84,323,98,360,110,397,124,434,137,471,149,508,162
3048,224,0.0237584,-0.0237584,-0.0241649,9.26536e-05,0.0392771,291,86,328,99,365,113,402,126,439,138,476,150,514,164
3049,224,-0.0237584,9.26325e-05,-0.0241649,9.26536e-05,0.0392771,296,88,333,102,370,115,407,128,444,140,481,152,519,166
3050,224,-0.0241649,0.0480159,-0.0480159,9.26536e-05,0.0392771,301,91,338,104,375,116,412,130,449,142,486,154,524,168
3051,221,0.016035,9.26325e-05,-0.016035,-0.00803725,0.0241649,308,94,344,106,381,119,418,132,454,144,491,156,528,169
3052,224,0.0241649,9.26325e-05,9.26325e-05,-0.0241649,0.0159111,310,95,347,107,384,120,421,133,458,146,495,158,533,171
3053,227,0.0405563,0.0232733,-0.0392771,0.0159111,9.26536e-05,313,97,350,108,388,121,426,135,463,147,501,160,539,173
3054,227,0.0159111,9.26536e-05,-0.0159111,0.0159111,9.26536e-05,319,99,356,111,394,124,432,137,469,149,507,162,545,175
3055,231,9.26387e-05,0.0386758,-0.0149303,-0.0236529,0.0386758,323,101,361,113,399,125,438,139,476,152,514,164,553,178
3056,226,0.065568,0.0320122,-0.0557577,0.00764913,0.0159111,329,104,366,114,404,127,441,141,479,153,516,165,554,178
3057,224,0.0245526,0.0480159,-0.0480159,9.26536e-05,0.0159111,333,105,370,116,407,128,444,142,481,154,518,166,556,179
3058,225,0.0488101,-0.00816113,0.00816113,-0.0241649,0.0159111,337,106,374,117,411,130,449,143,486,156,523,168,561,181
3059,224,0.0245526,0.0480159,-0.0480159,9.26536e-05,0.0159111,342,108,379,119,416,131,453,145,490,157,527,169,565,182
3060,224,0.0495643,0.0480159,-0.0480159,9.26536e-05,0.0159111,344,110,381,120,418,132,455,146,492,158,529,170,567,183
3061,235,0.0467481,0.0228041,9.26536e-05,-0.0696448,0.0696448,351,112,390,123,429,136,468,150,507,164,546,175,585,189
3062,223,0.0488101,0.0237584,-0.0480159,-0.0245526,0.0245526,357,113,394,124,431,137,468,151,505,163,542,174,579,186
3063,213,0.0242928,0.0132399,-0.113621,-0.0797071,-0.0594698,367,111,402,125,437,140,473,156,508,167,543,175,579,181
3064,211,-0.0201241,-0.180564,-0.155703,-0.139113,-0.170918,373,104,408,127,443,149,478,163,513,171,548,174,583,171
3065,217,-0.149184,-0.298406,-0.238517,-0.16619,-0.161745,382,103,414,134,449,159,485,171,521,174,557,171,593,162
3066,216,-0.410341,-0.320381,-0.220555,-0.163078,-0.0521853,394,116,422,151,458,170,494,176,530,174,566,166,602,156
3067,221,-0.519268,-0.232624,-0.24596,-0.073368,-0.0502734,395,130,425,163,462,175,499,178,535,172,572,163,609,152
3068,231,-0.399119,-0.258848,-0.105304,-0.0750628,0.0304322,397,149,432,172,470,179,509,176,547,169,585,159,624,150
3069,232,0.0549094,0.0200607,0.0545661,0.127417,0.298406,630,149,592,159,553,167,515,174,476,179,438,179,399,167
3070,242,-0.0242631,9.26536e-05,0.0242631,-0.0242631,0.221895,650,150,610,156,570,163,530,170,490,176,450,183,409,181
3071,241,0.0242631,0.0244423,-0.048798,-0.0240572,0.0729479,657,150,617,157,577,163,537,168,497,175,457,183,417,188
3072,243,0.048798,0.00291034,-0.00291034,-0.0968668,-0.0178245,668,149,628,156,588,161,547,166,507,171,467,180,426,190
3073,233,0.079894,0.0252102,-0.00257757,-0.0726266,-0.12081,673,148,635,156,596,161,557,165,519,169,480,176,441,188
3074,235,0.049994,0.0252102,0.0253422,-0.0757848,-0.122168,684,148,645,155,606,160,567,164,528,167,489,173,450,184
3075,237,0.0248542,0.0776968,0.02353,-0.0508769,-0.166067,696,147,657,154,618,160,578,163,539,165,500,169,460,180
3076,233,0.0547542,0.0757848,0.0503695,-0.0503695,-0.174138,701,146,663,154,624,160,585,163,547,164,508,167,469,177
3077,251,-0.0930625,0.0468527,0.0461172,-0.022473,-0.0937486,730,149,689,151,647,157,605,161,564,163,522,166,480,173
3078,235,0.0248542,0.05035,0.0764787,-0.0255091,-0.0761797,721,145,682,152,643,158,604,162,565,163,526,165,487,170
3079,235,0.049994,0.050645,0.0254421,9.26536e-05,-0.0508769,728,145,689,152,650,157,611,160,572,162,533,164,494,168
3080,246,0.00348728,0.0479642,0.0727751,-0.0242638,-0.0242061,748,144,708,150,667,156,626,160,585,161,544,163,503,166
3081,230,9.26536e-05,0.0516323,0.0784746,9.26536e-05,-0.0248348,746,144,708,150,670,156,632,160,594,161,556,162,517,164
3082,233,0.00385989,0.05035,0.049531,0.0524904,-0.0511445,754,143,716,149,677,155,638,159,600,161,561,161,522,163
3083,231,0.0254738,0.0797373,0.0240962,0.0524904,-0.0511445,760,142,722,149,684,155,645,158,607,160,569,160,530,162
3084,243,9.26536e-05,0.0274453,0.071301,0.0498657,-0.0486492,778,141,738,147,698,153,657,158,617,160,577,160,536,162
3085,231,0.0512483,0.028528,0.049531,0.0261807,0.000581655,776,141,738,148,700,153,661,157,623,159,585,160,546,161
3086,232,0.0294263,0.0476797,0.0535471,0.0248348,-0.0248348,783,140,745,147,706,153,668,157,629,159,591,160,552,162
3087,231,0.0254738,0.0543025,0.0233301,0.0523816,0.000581655,792,139,754,146,716,152,677,156,639,159,601,160,562,161
3088,233,-0.0209016,0.0752968,0.0233301,0.0274541,0.0255091,802,138,764,144,725,151,686,155,648,158,609,160,570,161
3089,229,0.0508017,0.0516323,0.0260003,0.0261082,0.0261807,804,137,766,145,728,151,690,155,652,158,614,160,576,161
3090,235,0.0747194,9.26536e-05,0.050645,9.26536e-05,0.0510438,815,136,776,144,737,149,698,154,659,157,620,160,581,161
3091,232,0.0294263,0.0217293,0.0539629,-0.00191942,0.0530559,819,136,781,143,742,149,704,154,665,157,627,160,588,161
3092,233,0.0294263,9.26325e-05,0.0737727,0.00191942,0.0510438,825,135,787,142,748,148,709,154,671,157,632,160,593,161
3093,229,0.0254738,0.0256818,0.0258578,9.26536e-05,0.0784746,831,134,793,141,755,147,717,152,679,156,641,160,603,161
3094,231,9.26536e-05,0.0545661,-0.00322518,0.0781517,0.00125324,837,133,799,140,761,147,722,152,684,157,646,159,607,161
3095,229,9.26536e-05,9.26536e-05,0.0256818,0.0519508,0.0261082,844,133,806,139,768,145,730,151,692,156,654,159,616,161
3096,230,0.0254738,0.0256818,9.26387e-05,0.0258578,0.0535471,849,132,811,139,773,145,735,150,697,155,659,159,620,161
3097,228,0.0302847,9.26536e-05,9.26536e-05,0.0516323,0.0522012,854,131,817,138,779,144,741,150,703,156,665,160,627,162
3098,230,0.0254738,-0.0254738,0.0512483,0.0258578,0.0280124,858,130,820,137,782,143,744,150,706,155,668,159,629,162
3099,228,0.00471831,0.0254738,9.26536e-05,0.0516323,0.0260003,864,129,827,136,789,143,751,149,713,155,675,159,637,162
3100,229,0.0508017,9.26536e-05,9.26536e-05,0.0256818,0.0519508,869,128,831,136,793,142,755,148,717,154,679,159,641,162
3101,227,0.00471831,0.0254738,-0.00406821,0.00406821,0.103926,874,127,837,134,799,141,761,147,724,153,686,159,648,161
3102,222,0.0311926,-0.0261239,0.0261239,0.0263486,0.0533247,878,127,842,134,805,140,768,147,731,153,694,158,657,161
3103,224,9.26325e-05,0.0261239,9.26387e-05,9.26387e-05,0.0557931,883,126,846,133,809,140,772,146,735,152,698,158,660,162
3104,223,9.26325e-05,9.26325e-05,0.0261239,9.26387e-05,0.079766,888,125,851,132,814,139,777,146,740,152,703,158,666,161
3105,225,0.0261239,-0.0213129,-0.00471831,0.0525652,0.00340139,896,124,859,131,822,137,784,144,747,151,710,156,672,161
3106,225,0.0258664,0.0302847,-0.0302847,0.0525652,0.00340139,897,123,860,131,823,138,785,144,748,151,711,156,673,161
3107,225,0.0258664,0.0302847,-0.0562438,0.0785243,0.00340139,902,122,865,130,828,137,790,143,753,151,716,156,678,161
3108,226,0.00471831,0.0213129,-0.0466408,0.0466408,0.0298427,907,122,870,129,832,136,795,142,757,150,720,156,682,161
3109,231,9.26536e-05,-0.0209016,-0.0298074,0.0508017,0.00385989,922,121,884,127,846,133,807,140,769,148,731,154,692,160
3110,224,9.26325e-05,9.26325e-05,-0.0258664,0.052083,0.00406821,916,120,879,127,842,134,805,141,768,149,731,155,693,161
3111,228,0.00471831,-0.0252353,0.0252353,0.0254738,9.26536e-05,924,119,887,126,849,133,811,141,773,148,735,154,697,160
3112,224,-0.052083,0.0258664,9.26325e-05,0.0261239,-0.0213129,924,119,887,125,850,133,813,140,776,147,739,153,701,160
3113,222,0.00497609,9.26325e-05,-0.0258664,0.052083,-0.0261239,928,118,892,125,855,132,818,139,781,147,744,153,707,160
3114,219,-0.02705,-0.0217379,-0.031597,-0.0262171,0.0579067,932,119,896,124,860,130,823,137,787,145,751,154,714,161
3115,226,-0.0498306,-0.00340139,-0.0477542,-0.155617,0.00816113,944,121,907,124,869,129,832,134,794,141,757,154,719,167
3116,217,0.0274233,0.0275501,-0.109558,-0.181298,-0.138991,941,122,905,126,869,129,833,131,797,137,761,150,725,169
3117,216,0.114187,0.0554059,-0.0830486,-0.187713,-0.297485,946,122,911,128,875,130,839,130,803,133,767,143,731,166
3118,213,0.110827,0.14147,-0.0562416,-0.056849,-0.355582,952,120,917,128,882,132,846,131,811,132,776,135,740,152
3119,219,0.105706,0.165056,0.0554059,-0.0831765,-0.2361,959,118,923,128,887,134,850,134,814,132,778,133,741,143
3120,220,0.0830486,0.183018,0.13631,0.00214448,-0.190738,966,114,930,126,893,135,857,137,820,134,784,131,747,135
3121,222,0.130735,0.156181,0.161599,0.0802273,-0.134229,973,110,937,125,900,135,863,139,826,137,789,132,752,132
3122,218,0.0981527,0.104405,0.219726,0.0827939,-0.0028747,979,108,943,123,907,134,871,141,835,140,799,136,762,132
3123,218,0.0963811,0.0766792,0.189388,0.110904,0.105172,987,104,951,120,915,132,879,141,843,143,807,141,770,135
3124,216,0.0821465,0.0754994,0.160197,0.138335,0.0827939,993,102,958,118,922,131,886,141,850,145,814,144,778,140
3125,217,0.0238072,0.0490481,0.156509,0.109558,0.166063,1002,99,966,114,930,128,894,140,858,146,822,148,786,144
3126,231,9.26536e-05,0.031221,0.0872309,0.178447,0.104327,1022,93,984,108,946,123,907,137,869,147,831,150,792,149
3127,218,0.0238072,0.0242598,0.0754994,0.105706,0.165056,1019,94,983,109,947,123,911,136,875,146,839,152,802,152
3128,217,-0.0238072,0.0481596,0.0499004,0.104405,0.136457,1024,93,988,107,952,122,916,135,880,146,844,153,808,155
3129,212,-0.0242928,0.0491632,0.0252459,0.105494,0.0866125,1028,91,993,105,958,120,923,133,888,145,853,153,817,158
3130,211,-0.0242928,0.0491632,0.0252459,0.051905,0.108429,1031,90,996,104,961,119,926,132,891,144,856,154,821,160
3131,208,0.010008,0.0152123,0.00947291,0.042642,0.115413,1036,89,1002,103,967,117,933,130,898,143,864,154,829,161
3132,209,-0.0152123,0.0247778,-0.0348785,0.0860035,0.0261186,1048,86,1014,99,979,113,944,126,910,140,875,151,840,161
3133,210,-0.0918979,0.0242928,9.26536e-05,0.0501164,0.0256938,1053,85,1019,96,984,111,949,125,914,139,879,151,844,162
3134,211,-0.0247778,9.26536e-05,9.26536e-05,0.0247778,0.0510323,1058,83,1023,96,988,110,953,124,918,138,883,151,848,162
3135,207,-0.0253129,0.010008,0.0152123,9.26536e-05,0.00947291,1062,81,1028,94,994,108,959,122,925,135,891,148,856,161
3136,204,-0.0666284,0.050198,9.26536e-05,-0.0253129,0.0253129,1066,80,1033,92,999,107,965,120,931,133,897,147,863,160
3137,209,-0.0411211,9.26536e-05,-0.010008,0.0348785,-0.0491632,1075,78,1041,90,1006,104,971,118,937,132,902,145,867,160
3138,208,-0.0675125,-0.010008,0.010008,0.0152123,-0.0634839,1081,77,1047,88,1012,102,978,116,943,130,909,143,874,159
3139,202,-0.0163378,-0.0359347,0.0359347,-0.00997672,-0.0644791,1082,76,1049,88,1015,101,982,115,948,128,915,141,881,157
3140,201,-0.0258653,0.0359347,-0.0359347,0.0258653,-0.0401286,1084,74,1051,87,1018,101,984,114,951,128,918,141,884,156
3141,200,-0.0523651,0.0258653,-0.0258653,0.0258653,-0.0401286,1089,73,1056,85,1023,99,990,112,957,126,924,139,890,154
3142,201,-0.0264072,-0.0152436,0.0152436,-0.0258653,-0.0385211,1094,72,1061,84,1028,97,994,111,961,124,928,138,894,154
3143,200,9.26536e-05,-0.0258653,0.0258653,-0.0258653,-0.0141706,1097,70,1064,83,1031,96,998,110,965,123,932,137,898,152
3144,202,-0.0687638,0.0152436,-0.0152436,-0.0105291,-0.0385211,1105,69,1072,80,1038,94,1005,107,971,121,938,135,904,151
3145,206,-0.0776132,9.26536e-05,0.0253129,-0.050198,-0.0131933,1112,67,1078,78,1044,92,1010,106,976,119,942,134,907,150
3146,196,0.0105192,0.0164075,-0.0423655,-0.011089,-0.03895,1107,67,1075,80,1042,93,1010,105,977,119,945,133,912,149
3147,204,-0.0962798,9.26536e-05,0.0253129,-0.050198,-0.0242578,1120,65,1087,75,1053,89,1019,103,985,116,951,131,917,147
3148,196,0.0105192,-0.0105192,0.0105192,-0.037047,-0.03895,1115,64,1083,77,1050,90,1018,103,985,116,953,130,920,146
3149,197,-0.0423655,0.0258653,-0.0105192,-0.0406522,9.26387e-05,1119,63,1087,75,1054,89,1021,102,989,115,956,130,923,145
3150,193,-0.0270193,-0.0264351,0.0535471,-0.0535471,-0.0511445,1122,62,1090,74,1058,87,1026,101,994,113,962,127,930,143
3151,203,-0.0174494,-0.0761068,0.0401286,-0.0152436,-0.0729479,1135,60,1102,71,1068,83,1034,98,1001,111,967,125,933,142
3152,203,-0.0174494,-0.0512218,0.0152436,-0.0401286,-0.0480629,1138,59,1105,70,1071,82,1037,96,1004,109,970,124,936,141
3153,196,-0.0440821,0.0164075,-0.0423655,-0.011089,-0.03895,1136,59,1104,70,1071,83,1039,95,1006,109,974,123,941,139
3154,198,-0.0440821,9.26536e-05,9.26536e-05,-0.0258653,-0.0501316,1140,58,1108,69,1075,82,1042,95,1009,108,976,122,943,138
3155,203,-0.0433582,9.26536e-05,-0.0359347,-0.0141706,-0.0242578,1146,56,1113,67,1079,80,1045,93,1012,107,978,122,944,138
3156,202,-0.0708742,-0.0359347,0.0359347,-0.0613334,-0.0131224,1148,56,1115,66,1081,79,1048,93,1014,106,981,121,947,137
3157,200,-0.0269278,-0.0264072,9.26536e-05,-0.0258653,-0.0623262,1151,55,1118,66,1085,78,1052,91,1019,104,986,118,952,135
3158,193,-0.0275819,-0.0270193,9.26536e-05,9.26536e-05,-0.0776723,1149,55,1117,66,1085,78,1053,91,1021,104,989,117,957,133
3159,194,-0.0546939,0.0270193,-0.0270193,-0.0264351,-0.03895,1151,54,1119,65,1087,78,1055,90,1023,103,991,117,958,133
3160,195,9.26387e-05,-0.0700401,0.0423655,-0.0535471,-0.0631921,1156,53,1124,64,1092,75,1059,89,1027,101,995,115,962,132
3161,194,-0.0275819,9.26536e-05,-0.0270193,-0.0264351,-0.03895,1158,52,1126,63,1094,75,1062,87,1030,100,998,114,965,130
3162,193,-0.0275819,9.26536e-05,-0.0270193,-0.0264351,-0.0511445,1158,52,1126,63,1094,75,1062,87,1030,100,998,114,966,130
3163,191,-0.0737479,0.0270193,-0.0104703,-0.0429841,-0.0511445,1161,51,1130,61,1098,74,1066,86,1035,98,1003,112,971,128
3164,192,-0.0784491,-0.0275819,-0.0535471,-0.0258335,-0.0739602,1165,52,1134,60,1102,71,1070,83,1038,97,1006,112,974,130
3165,188,-0.094618,-0.120765,-0.138527,-0.0990992,-0.045464,1168,58,1137,61,1106,67,1075,77,1044,92,1013,111,982,132
3166,183,-0.132459,-0.0585403,-0.217631,-0.155569,-0.169932,1170,62,1140,62,1110,66,1079,72,1049,85,1019,104,988,132
3167,190,-0.0633941,-0.0969907,-0.174469,-0.223089,-0.276187,1178,65,1147,64,1115,65,1084,69,1052,79,1021,97,992,127
3168,188,-0.0963811,-0.0963811,-0.125515,-0.254293,-0.361421,1176,68,1145,65,1114,65,1083,68,1052,75,1021,91,994,121
3169,201,-0.119985,-0.0302011,-0.150279,-0.224807,-0.426982,1190,72,1157,67,1124,66,1090,66,1057,71,1024,84,995,114
3170,200,-0.059999,-0.0604394,-0.0905672,-0.203482,-0.436579,1190,72,1157,68,1124,66,1091,66,1058,69,1025,79,996,105
3171,195,-0.0618435,-0.0320324,-0.0926199,-0.0924853,-0.41164,1193,73,1161,69,1129,67,1096,66,1064,68,1032,73,999,94
3172,197,-0.0328521,9.26387e-05,-0.0916792,-0.0892912,-0.37863,1194,73,1162,70,1129,68,1096,66,1064,67,1031,71,998,89
3173,195,-0.0930225,0.0291995,-0.0604394,-0.0623262,-0.28626,1197,74,1165,70,1133,69,1100,67,1068,67,1036,69,1003,81
3174,196,-0.0630904,0.0320324,-0.00179414,-0.0916792,-0.23492,1201,74,1169,71,1136,70,1104,68,1071,66,1039,67,1006,76
3175,197,0.185255,0.0604394,0.00179414,-0.0320324,0.0602735,1009,72,1041,66,1074,66,1107,68,1139,70,1172,71,1205,74
3176,203,0.149934,0.0585114,-0.057621,-0.000797818,0.0585114,1013,69,1046,65,1080,66,1114,69,1147,70,1181,71,1215,74
3177,192,0.094573,9.26387e-05,-0.0310863,0.0310863,9.26387e-05,1020,66,1051,65,1083,67,1115,69,1147,70,1179,72,1211,74
3178,193,0.093566,9.26387e-05,-0.0310863,0.0310863,9.26387e-05,1019,66,1051,65,1083,67,1115,69,1147,70,1179,72,1211,74
3179,200,0.0907331,0.0301456,9.26387e-05,9.26387e-05,0.0564841,1015,67,1048,65,1081,66,1114,68,1147,70,1180,72,1214,76
3180,205,0.0586632,0.0586632,9.26325e-05,0.0291589,0.0865722,1013,67,1047,65,1081,65,1115,67,1149,69,1183,72,1217,78
3181,197,0.0630904,0.0604949,0.0630904,0.0270542,0.0591372,1012,68,1044,65,1077,64,1110,65,1142,68,1175,72,1208,78
3182,200,0.0602735,0.0302011,0.120531,9.26536e-05,0.0823289,1008,68,1041,65,1074,64,1107,64,1140,68,1173,72,1207,79
3183,200,0.119985,0.0302011,0.120531,0.0296551,0.108307,1006,69,1039,64,1072,63,1105,63,1138,67,1171,72,1205,81
3184,200,0.148398,0.0604394,0.120531,0.0883066,0.103786,1004,71,1037,64,1070,62,1103,62,1136,66,1169,73,1203,84
3185,200,0.115788,0.150279,0.150279,0.14377,0.0962798,1001,73,1034,64,1067,59,1100,59,1133,64,1166,74,1200,88
3186,198,0.208307,0.150279,0.20893,0.166155,0.100332,1002,73,1034,61,1067,56,1100,56,1133,63,1166,76,1199,93
3187,198,0.261946,0.210811,0.23361,0.1323,0.0726266,1002,71,1034,57,1067,52,1100,54,1133,64,1166,79,1199,97
3188,197,0.291694,0.300385,0.178825,0.0925898,0.0241495,1002,66,1034,52,1067,48,1100,54,1132,66,1165,82,1198,99
3189,196,0.302792,0.274075,0.126969,0.011089,0.0868436,1004,57,1036,47,1069,47,1101,56,1134,70,1166,84,1199,102
3190,196,0.305925,0.240344,0.0700401,0.011089,0.03895,1004,51,1036,44,1069,47,1101,58,1134,72,1166,86,1199,102
3191,194,0.278732,0.17333,0.0794732,-0.0794732,0.0794732,1007,45,1039,42,1071,48,1103,60,1135,75,1167,87,1199,102
3192,191,0.241828,0.0845106,0.091798,-0.119473,0.107148,1012,41,1043,42,1075,51,1107,63,1138,78,1170,89,1202,104
3193,189,0.183626,0.100276,-0.0429841,0.0276531,0.0152383,1017,39,1048,43,1079,53,1111,67,1142,79,1173,92,1205,106
3194,185,0.140009,9.26536e-05,-0.0177962,0.045542,9.26536e-05,1022,38,1052,45,1083,57,1114,69,1144,80,1175,93,1206,106
3195,185,0.0494295,0.0282621,0.0110801,-0.0394348,0.0831228,1027,39,1057,48,1088,59,1119,71,1149,83,1180,94,1211,108
3196,186,0.0494295,0.0282621,-0.0282621,0.0282621,0.0547681,1027,40,1057,49,1088,60,1119,72,1150,83,1181,95,1212,109
3197,184,-0.00961578,0.00961578,0.0474904,0.0110801,0.0435954,1033,43,1063,53,1094,63,1124,73,1155,85,1185,97,1216,111
3198,188,0.0293945,0.0288442,0.0282621,-0.0282621,0.122576,1034,45,1065,54,1096,64,1127,75,1158,87,1189,98,1221,114
3199,187,0.0293945,9.26536e-05,0.0288442,0.0560078,0.0534892,1033,46,1064,55,1095,65,1126,75,1157,86,1188,99,1219,114
3200,190,0.0215205,0.037782,0.0466359,0.091798,0.03758,1034,48,1065,56,1097,65,1128,75,1160,87,1191,102,1223,119
3201,186,0.0232297,0.0593952,0.0571989,0.081235,0.0990992,1037,50,1067,57,1098,65,1129,75,1160,87,1191,102,1222,121
3202,188,-0.0303797,0.0603804,0.114432,0.104432,0.157109,1037,50,1068,58,1099,65,1130,74,1161,87,1192,104,1223,128
3203,190,-0.0366413,0.0671137,0.159764,0.198223,0.17458,1036,50,1067,57,1099,63,1130,71,1162,85,1192,106,1220,134
3204,188,0.0314972,0.0620761,0.228487,0.223987,0.213646,1035,51,1066,55,1097,60,1128,67,1159,82,1189,106,1215,138
3205,192,0.0598355,0.0909101,0.343149,0.244248,0.144564,1036,51,1067,53,1099,57,1131,64,1163,84,1191,113,1214,145
3206,195,0.155502,0.250823,0.278719,0.197791,0.152008,1038,49,1070,48,1102,52,1135,65,1165,88,1193,120,1214,153
3207,188,0.191092,0.232917,0.326642,0.105684,0.111711,1043,44,1074,44,1105,50,1136,64,1166,92,1192,122,1214,154
3208,187,0.157562,0.373235,0.206843,0.0896955,0.105604,1048,40,1079,42,1110,49,1141,70,1170,100,1195,131,1215,162
3209,181,0.218801,0.314432,0.155035,0.0381473,0.0572837,1053,35,1083,39,1113,50,1141,72,1168,101,1193,130,1216,160
3210,182,0.324716,0.242765,0.109034,0.0231939,0.0671557,1057,32,1087,37,1117,53,1147,80,1172,108,1195,135,1218,166
3211,186,0.343642,0.212339,0.0356065,0.0582695,0.0709948,1061,31,1091,38,1122,58,1149,85,1176,114,1200,143,1220,171
3212,172,0.315652,0.178968,0.0360455,-0.0180082,0.0763414,1066,30,1094,39,1123,60,1147,85,1172,113,1197,140,1220,169
3213,169,0.291543,0.156356,-0.0165221,0.059332,0.0395063,1070,31,1098,42,1126,64,1152,92,1176,117,1199,144,1221,172
3214,173,0.256574,0.133947,-0.0194807,0.0339935,0.104071,1071,31,1099,44,1128,68,1152,94,1176,119,1202,148,1223,177
3215,170,0.189388,0.115122,0.00144344,9.26536e-05,0.149128,1076,33,1104,49,1132,73,1157,100,1181,126,1205,152,1224,180
3216,171,0.186329,0.11818,0.00310734,-0.00310734,0.12012,1076,34,1104,50,1131,73,1156,100,1179,125,1204,152,1225,181
3217,168,0.166841,0.0777242,-0.00231505,0.0608716,0.085226,1079,36,1106,53,1134,78,1157,102,1183,129,1206,156,1226,184
3218,171,0.0743713,0.136077,-0.0194843,0.0608716,0.125473,1080,37,1107,56,1135,79,1160,106,1186,133,1209,160,1228,189
3219,172,0.132563,0.0564508,0.0383499,0.0382366,0.128531,1080,38,1108,57,1136,82,1161,107,1186,134,1210,162,1229,191
3220,174,0.109276,0.098603,9.26387e-05,0.0608716,0.149982,1082,41,1110,60,1137,83,1163,110,1189,137,1212,164,1230,193
3221,168,0.138547,0.0586632,0.0369275,0.0606141,0.125657,1084,43,1111,61,1138,85,1165,112,1191,140,1214,168,1231,195
3222,174,0.0819148,0.0830486,0.0383499,0.0591917,0.157363,1085,45,1113,65,1139,87,1166,114,1191,141,1214,169,1231,198
3223,169,0.085226,0.098603,0.0194843,0.0808937,0.14673,1087,47,1115,67,1142,90,1168,117,1193,144,1215,172,1231,200
3224,178,0.115167,0.0927121,0.0397975,0.0605804,0.175919,1087,48,1115,67,1144,92,1170,119,1194,146,1216,174,1232,204
3225,169,0.0819148,0.0830486,0.0797373,0.0619744,0.151599,1090,51,1118,71,1144,93,1172,121,1195,148,1216,176,1231,204
3226,175,0.0998068,0.0404834,0.0746306,0.173268,0.133982,1090,51,1119,72,1146,96,1174,123,1199,151,1217,180,1230,209
3227,183,9.26387e-05,0.0812492,0.20253,0.190342,0.181,1090,54,1120,76,1150,98,1180,124,1203,154,1218,184,1227,215
3228,191,0.00965217,0.196911,0.242479,0.292432,0.0578136,1091,59,1122,77,1154,96,1184,123,1205,154,1215,186,1223,218
3229,201,0.123983,0.285959,0.30961,0.26658,0.062918,1094,63,1127,76,1160,94,1190,124,1207,157,1214,190,1219,224
3230,206,0.272861,0.410183,0.289411,0.164528,0.0326825,1102,65,1136,74,1170,94,1194,127,1206,161,1212,195,1217,230
3231,213,0.456202,0.39493,0.216376,0.0827215,-0.023159,1115,63,1150,73,1181,101,1198,137,1206,172,1211,207,1217,243
3232,209,0.516894,0.307474,0.124453,0.089101,-0.0277886,1125,59,1159,73,1184,105,1197,140,1205,174,1210,209,1216,244
3233,220,0.480168,0.271159,0.0579067,0.0217379,-0.0217379,1134,55,1168,77,1189,114,1198,150,1205,187,1211,223,1218,260
3234,213,0.455603,0.161745,-0.00594957,0.0827215,-0.0766792,1144,55,1175,83,1189,118,1197,154,1205,189,1210,224,1218,260
3235,216,0.436177,0.0777842,9.26536e-05,0.0534276,-0.0797373,1151,56,1178,86,1189,122,1197,158,1205,194,1211,230,1220,266
3236,216,0.277666,0.131304,-0.0534276,0.0265283,-0.052838,1158,59,1180,93,1191,129,1197,165,1205,201,1212,237,1221,273
3237,222,0.177123,0.103108,-0.0777539,0.0515374,-0.0768918,1165,65,1182,101,1192,138,1198,175,1207,212,1214,249,1224,286
3238,222,0.0576942,0.0768918,-0.0515374,0.0255783,-0.0255783,1170,71,1182,107,1192,144,1199,181,1208,218,1216,255,1225,292
3239,221,0.00689047,0.0509327,-0.0319477,0.0579067,-0.0515374,1173,80,1183,116,1193,153,1201,190,1210,226,1217,263,1226,300
3240,221,0.0322449,9.26536e-05,-0.00627669,0.0319477,-0.0255783,1173,82,1183,118,1192,155,1201,192,1210,228,1218,265,1227,302
3241,223,-0.0252617,0.0252617,9.26536e-05,0.0255783,9.26536e-05,1175,89,1184,126,1194,163,1203,200,1212,237,1220,274,1228,311
3242,226,-0.0687409,0.0430699,-0.0186217,0.0442927,-0.0195259,1175,93,1183,130,1194,168,1203,205,1213,243,1221,280,1230,318
3243,225,-0.0759444,0.031559,-0.00654736,0.0509327,0.00534947,1176,100,1184,137,1195,174,1205,212,1215,249,1223,286,1231,324
3244,230,-0.0246741,-0.0243555,9.26536e-05,0.074183,0.0298074,1176,104,1185,142,1195,180,1206,218,1217,256,1225,294,1232,333
3245,224,-0.10059,0.0495643,9.26536e-05,0.0509327,0.00534947,1177,111,1185,148,1197,185,1207,222,1217,259,1225,296,1233,334
3246,223,-0.0759444,-0.0245526,0.0495643,0.0768918,-0.0258664,1178,117,1186,154,1197,191,1209,228,1219,265,1226,302,1234,339
3247,231,-0.0732293,0.00728729,0.0410826,0.0750628,0.00447949,1178,122,1187,160,1199,198,1211,237,1221,275,1228,313,1235,352
3248,227,-0.0418225,0.0240144,-0.00711089,0.106714,0.0254738,1178,126,1188,163,1200,201,1211,239,1222,276,1229,314,1235,352
3249,226,-0.065568,0.065568,-0.0177155,0.0946999,0.00471831,1178,130,1188,167,1201,205,1211,242,1222,280,1229,317,1236,355
3250,223,-0.0738218,9.26325e-05,0.0488101,0.181193,0.0535957,1179,138,1189,175,1202,212,1215,249,1226,286,1230,323,1232,360
3251,232,-0.0833452,0.0362337,0.126099,0.200396,0.0774542,1179,144,1191,182,1207,221,1221,259,1230,298,1231,336,1229,375
3252,226,-0.0554059,0.141804,0.165056,0.18353,0.155055,1178,152,1194,189,1213,227,1225,263,1231,301,1230,338,1223,376
3253,226,0.106083,0.229343,0.160263,0.133395,0.15156,1180,160,1202,196,1220,234,1228,271,1230,309,1227,346,1218,384
3254,221,0.215824,0.250743,0.161999,0.159116,0.0515374,1187,170,1211,205,1226,242,1231,279,1230,315,1223,352,1214,389
3255,219,0.27751,0.216853,0.164566,0.0543988,0.0987224,1197,177,1219,213,1229,249,1231,286,1227,322,1221,358,1211,395
3256,230,0.266811,0.233713,0.104425,0.101637,-0.00566544,1204,180,1223,217,1231,255,1230,293,1225,331,1216,369,1207,408
3257,229,0.219266,0.235293,0.103292,9.26536e-05,0.050296,1211,185,1226,223,1232,261,1229,299,1222,337,1215,375,1206,413
3258,226,0.210099,0.159595,0.126499,-0.0204243,0.0702518,1217,191,1228,228,1231,266,1228,303,1220,341,1213,378,1203,416
3259,231,0.206155,0.153727,0.079894,9.26387e-05,-0.00508194,1221,196,1230,234,1231,272,1226,311,1218,349,1210,387,1202,426
3260,230,0.130735,0.156509,0.0508017,9.26387e-05,-0.00508194,1225,203,1230,241,1230,279,1224,317,1216,355,1208,393,1200,432
3261,230,0.131274,0.154821,9.26387e-05,-0.0252353,0.0200607,1228,213,1231,251,1229,289,1221,327,1213,365,1206,403,1198,442
3262,230,0.183318,0.0256818,0.0508017,-0.0252353,0.0445379,1229,221,1231,259,1226,297,1220,335,1212,373,1205,411,1196,450
3263,236,0.126921,0.0248542,0.0246328,-0.0246328,-0.0286136,1230,231,1229,270,1223,309,1216,348,1208,387,1201,426,1195,466
3264,232,0.152557,0.0547542,-0.0298074,-0.0209016,0.0456271,1229,232,1229,270,1223,309,1215,347,1208,386,1202,424,1194,463
3265,237,0.10132,0.0685725,-0.0685725,9.26325e-05,0.0205037,1229,241,1227,280,1221,319,1212,359,1206,398,1200,437,1193,477
3266,235,0.0757848,0.0248542,9.26387e-05,-0.049994,0.0747194,1228,246,1225,285,1219,324,1212,363,1205,402,1200,441,1192,480
3267,234,0.0737727,0.0248542,9.26387e-05,-0.049994,0.049994,1226,254,1223,292,1217,331,1210,370,1203,409,1198,448,1191,487
3268,230,0.0258578,0.0512483,9.26536e-05,-0.0512483,0.0466761,1225,260,1221,298,1216,336,1209,374,1202,412,1197,450,1190,489
3269,239,0.0720254,0.0242631,-0.0205037,-0.00366673,9.26536e-05,1223,265,1220,304,1214,344,1207,384,1201,423,1195,463,1189,503
3270,237,0.05035,-0.00366673,0.00366673,9.26325e-05,-0.00366673,1222,272,1218,311,1212,350,1206,390,1200,429,1194,468,1188,508
3271,238,0.0465906,-0.0212877,0.0212877,0.00366673,0.0205037,1221,274,1217,313,1211,353,1206,392,1200,432,1194,471,1187,511
3272,234,0.02254,0.0250471,9.26325e-05,-0.0250471,0.0747194,1220,279,1216,317,1211,356,1205,395,1199,434,1194,473,1186,512
3273,233,0.02254,9.26536e-05,0.0289997,-0.00385989,0.0248542,1218,286,1214,324,1209,363,1204,402,1198,440,1192,479,1185,518
3274,237,0.0252102,-0.00306191,0.0282017,9.26325e-05,0.0205037,1217,290,1213,329,1208,368,1203,408,1197,447,1191,486,1184,526
3275,232,-0.00257757,0.00257757,0.0476797,0.00385989,0.0456271,1215,295,1211,333,1207,372,1203,410,1197,449,1191,487,1183,526
3276,231,-0.0260003,0.0486329,0.0289997,9.26536e-05,0.0209016,1214,300,1210,338,1207,376,1202,415,1196,453,1190,491,1183,530
3277,232,-0.00257757,0.00257757,0.0476797,-0.0217293,0.0714016,1213,306,1209,344,1205,383,1201,421,1195,460,1190,498,1182,537
3278,232,-0.00191942,0.0539629,-0.00322518,0.0289997,0.0456271,1211,310,1208,348,1205,387,1200,425,1195,464,1189,502,1181,541
3279,240,-0.00181939,0.0494025,0.0244423,9.26536e-05,0.0242631,1210,313,1207,352,1204,392,1199,432,1193,472,1187,512,1180,552
3280,234,-0.0274541,0.0761797,0.0250471,-0.0250471,0.0991966,1209,318,1206,356,1204,395,1199,434,1193,473,1188,512,1179,551
3281,236,-0.0508769,9.26536e-05,0.0761797,0.049994,0.181082,1208,320,1204,359,1202,398,1200,437,1195,476,1188,515,1173,555
3282,231,-0.0524904,-0.0255428,0.15637,0.150852,0.222997,1204,326,1202,364,1202,402,1203,441,1198,479,1187,517,1166,555
3283,224,-0.0539088,-0.0268099,0.241574,0.247294,0.300385,1202,335,1202,372,1204,409,1207,446,1201,483,1185,520,1155,555
3284,222,-0.024456,0.0535957,0.292518,0.277529,0.376354,1202,340,1205,376,1209,413,1211,450,1202,487,1181,524,1145,553
3285,220,0.0307346,0.161999,0.333866,0.341792,0.310924,1204,350,1210,386,1215,423,1214,459,1200,496,1172,529,1135,552
3286,213,0.167538,0.194994,0.415196,0.33168,0.157562,1210,365,1218,400,1220,435,1215,471,1194,505,1161,532,1125,553
3287,212,0.196055,0.280161,0.38224,0.335607,0.115359,1215,370,1223,405,1224,440,1215,475,1190,509,1155,533,1119,552
3288,213,0.227491,0.371737,0.366252,0.221395,0.0336025,1224,386,1228,421,1224,456,1205,492,1173,520,1138,539,1102,557
3289,204,0.206452,0.385619,0.367836,0.161459,0.0226004,1229,391,1231,424,1226,458,1206,492,1172,519,1138,538,1104,556
3290,200,0.235866,0.431558,0.264112,0.10925,0.0123548,1233,403,1232,436,1223,469,1197,500,1164,523,1131,541,1097,559
3291,200,0.254555,0.464526,0.142811,0.112215,-0.0235588,1235,413,1231,446,1218,479,1189,505,1156,527,1123,544,1090,562
3292,195,0.310616,0.381434,0.127299,0.0233291,0.0129501,1237,422,1230,454,1212,485,1180,510,1148,529,1116,547,1083,565
3293,191,0.346671,0.30961,0.0761283,0.0376398,-0.0701727,1237,431,1227,462,1203,493,1171,515,1140,533,1108,550,1076,570
3294,189,0.361111,0.226706,0.0324402,0.0495063,-0.0820392,1236,441,1222,472,1195,499,1163,519,1132,537,1101,553,1069,573
3295,190,0.346734,0.133241,0.0286655,0.0341145,-0.0341145,1236,446,1218,477,1187,503,1157,522,1125,541,1094,558,1062,577
3296,184,0.349252,0.0702138,-0.00934103,0.0598032,-0.0598032,1232,455,1211,485,1181,506,1151,524,1120,543,1090,559,1059,578
3297,182,0.190999,0.0922367,9.26536e-05,0.0766792,-0.109226,1228,462,1203,489,1173,511,1143,529,1113,547,1083,562,1052,582
3298,182,0.1564,0.0702138,9.26536e-05,0.0503695,-0.0360164,1225,466,1197,493,1167,514,1137,532,1107,550,1077,566,1046,584
3299,182,0.120088,0.0702138,9.26536e-05,0.0247778,0.0138523,1222,469,1193,495,1163,516,1133,534,1103,552,1073,569,1042,586
3300,187,0.0678439,0.0607801,9.26387e-05,0.0732931,-0.0495063,1219,472,1188,497,1158,518,1127,537,1096,556,1065,572,1034,590
3301,186,0.0532375,0.0672456,9.26387e-05,0.0732931,-0.025044,1213,476,1184,499,1153,521,1122,540,1091,559,1060,575,1029,592
3302,188,0.0210358,0.0672456,9.26387e-05,0.0732931,-0.0117739,1211,478,1180,501,1149,523,1118,542,1087,561,1056,577,1024,594
3303,187,0.0428173,0.0223511,0.0468071,0.0495063,-0.025044,1207,481,1176,504,1145,525,1114,545,1083,563,1052,579,1021,596
3304,191,0.0148114,0.0435954,0.0324402,0.0376398,-0.0239629,1204,483,1173,505,1141,527,1109,547,1078,565,1046,582,1014,600
3305,191,0.0359398,0.0435954,0.0324402,0.0623262,-0.072071,1199,485,1168,508,1136,530,1104,550,1073,568,1041,584,1009,603
3306,194,-0.0479986,0.0848091,0.0226954,0.072071,-0.011955,1196,487,1165,508,1133,532,1101,552,1069,571,1037,587,1004,604
3307,187,-0.0158423,0.0792384,0.0692508,0.15664,9.26536e-05,1187,489,1156,513,1126,537,1095,558,1064,576,1033,588,1002,600
3308,193,0.00113963,0.128806,0.17458,0.278207,0.0609003,1182,486,1152,515,1124,542,1093,565,1061,581,1029,587,997,591
3309,191,0.0781292,0.251875,0.290153,0.218473,0.217739,1172,489,1149,520,1122,551,1090,573,1059,583,1027,586,995,582
3310,199,0.219391,0.376178,0.26658,0.269462,0.205627,1165,496,1147,529,1119,561,1086,578,1053,585,1020,583,987,574
3311,203,0.342931,0.493214,0.198146,0.235112,0.111287,1159,511,1142,544,1111,573,1077,582,1044,584,1010,578,976,568
3312,207,0.486807,0.404434,0.286794,0.113889,0.0733276,1157,523,1138,557,1104,579,1069,585,1035,581,1001,573,966,562
3313,205,0.46176,0.367779,0.233335,0.0563258,0.0817179,1157,536,1131,568,1098,583,1064,585,1030,579,996,571,962,560
3314,201,0.469547,0.238334,0.20834,9.26325e-05,0.0481229,1152,553,1121,578,1088,585,1054,584,1021,576,988,568,954,558
3315,206,-0.0829136,0.055633,-0.112666,-0.263028,-0.369698,944,556,978,566,1012,573,1046,582,1080,587,1114,583,1148,565
3316,205,-0.0275876,0.0275876,-0.084006,-0.203983,-0.309797,939,555,973,564,1007,572,1041,581,1075,587,1109,586,1143,574
3317,213,-0.0268861,-0.00594957,-0.0211807,-0.111798,-0.277461,925,553,960,562,995,570,1031,578,1066,585,1101,588,1137,581
3318,211,-0.0268861,9.26536e-05,-0.0548402,-0.0277886,-0.198885,921,552,956,561,991,569,1026,577,1061,583,1096,588,1131,586
3319,232,-0.0304322,0.00566544,-0.0301427,-0.0456271,-0.0797373,891,544,929,554,968,563,1006,572,1045,580,1083,586,1122,589
3320,211,-0.0268861,-0.027223,9.26387e-05,-0.0554059,9.26387e-05,901,548,936,557,971,565,1006,572,1041,579,1076,584,1111,589
3321,212,-0.0268861,-0.027223,-0.0275246,9.26536e-05,-0.00453694,896,547,931,556,966,564,1001,571,1036,577,1071,583,1107,589
3322,215,-0.00594957,9.26536e-05,-0.0766792,-0.00379838,0.0805703,882,545,917,553,953,561,989,569,1024,574,1060,579,1096,587
3323,220,-0.0319477,-0.0207977,-0.0311926,-0.0226641,0.0748397,874,543,910,552,947,560,983,567,1020,573,1056,578,1093,586
3324,212,-0.0542018,0.027223,-0.0827215,9.26387e-05,0.0500583,872,542,907,551,942,558,977,566,1012,571,1047,576,1083,583
3325,227,-0.0310204,9.26387e-05,-0.0466408,-0.0298427,0.0512483,856,539,893,548,931,556,969,564,1006,570,1044,575,1082,582
3326,217,-0.0262171,9.26536e-05,-0.107919,0.0272561,0.0539493,858,539,894,548,930,556,966,564,1002,568,1038,573,1074,580
3327,217,-0.052838,0.0265283,-0.0805703,-0.0547721,0.108814,850,538,886,547,922,554,958,562,994,567,1030,570,1066,577
3328,224,-0.0768918,9.26325e-05,-0.0525652,-0.0265389,0.0997137,843,536,880,546,917,553,954,560,991,565,1028,569,1066,577
3329,222,-0.0838749,0.0258664,-0.0785243,-0.0533247,0.105983,836,534,872,544,909,551,946,559,983,564,1020,567,1057,574
3330,230,-0.0249681,9.26387e-05,-0.0765762,-0.0519508,0.0987196,822,532,860,541,898,549,936,557,974,562,1012,565,1051,572
3331,225,-0.0502734,-0.0563484,-0.0743858,-0.0535957,0.102508,821,530,858,541,895,550,933,557,970,561,1007,563,1045,569
3332,223,-0.114808,-0.0991762,-0.238517,-0.0269278,0.0539482,821,521,858,539,895,552,932,561,969,561,1006,560,1043,561
3333,217,-0.128908,-0.257035,-0.298625,-0.110143,-0.02705,821,508,856,535,892,556,928,566,964,565,1000,560,1036,554
3334,210,-0.112427,-0.253953,-0.423498,-0.198249,-0.185765,819,494,848,525,882,554,917,571,952,572,987,566,1022,553
3335,206,-0.102142,-0.200424,-0.402839,-0.348107,-0.263305,817,480,842,514,871,546,905,571,939,579,973,575,1008,561
3336,203,-0.0256287,-0.128628,-0.301606,-0.45136,-0.285959,811,471,836,503,864,537,896,567,929,583,963,583,997,573
3337,202,0.0102637,-0.0848758,-0.258584,-0.423841,-0.324951,806,462,831,494,857,528,887,561,921,583,954,588,988,582
3338,206,0.0370285,-0.0516141,-0.202658,-0.369323,-0.369889,800,453,827,487,852,521,879,554,911,580,945,591,980,589
3339,196,0.0302378,0.00473823,-0.108483,-0.306237,-0.391673,795,446,820,477,845,510,869,542,898,573,930,591,963,595
3340,199,0.0852018,-0.0343141,-0.0375588,-0.191187,-0.384335,787,437,813,467,837,500,862,532,889,564,920,589,953,599
3341,195,0.0363285,-0.00991953,-0.0103814,-0.160969,-0.299383,785,431,809,461,832,492,857,525,881,556,911,584,944,600
3342,188,0.0197638,0.0203936,-0.0156703,-0.0967537,-0.202583,779,424,804,455,828,486,851,517,874,547,902,577,933,599
3343,190,-0.0247905,0.0043043,-0.0043043,-0.0114453,-0.179421,772,413,795,444,820,476,844,507,869,539,893,569,924,596
3344,190,-0.00356141,0.0332283,-0.00971782,-0.0158423,-0.0772436,766,408,791,439,817,471,839,500,863,531,887,561,916,592
3345,189,0.00330869,0.0280413,0.0043043,-0.0158423,-0.00382889,762,404,787,434,811,463,836,495,860,526,884,556,909,587
3346,194,0.0507951,-0.0114453,-0.00382889,9.26536e-05,0.0350687,756,397,782,427,807,459,831,489,856,520,881,551,905,583
3347,191,-0.0199047,0.0123291,-0.0154936,0.0437274,0.010489,751,390,775,420,800,450,826,482,852,513,875,543,899,575
3348,193,-0.0197638,-0.00356141,-0.0364208,0.0752362,0.0202091,746,381,770,412,795,443,821,475,849,507,873,539,896,571
3349,188,-0.0230692,9.26536e-05,-0.0185462,0.0377865,0.0978135,743,380,767,410,793,441,819,472,846,503,871,534,892,566
3350,198,0.0844511,9.26536e-05,-0.00266672,0.00266672,0.112759,731,371,757,397,784,429,811,461,839,494,866,526,888,559
3351,196,0.0185462,9.26536e-05,-0.0229758,0.0229758,0.117054,730,366,757,397,783,428,809,459,838,492,864,523,885,555
3352,198,0.0353356,-0.0248586,-0.032551,0.0196231,0.14972,727,361,753,391,778,422,806,455,835,487,862,518,883,551
3353,190,-0.00602348,-0.0155946,-0.0179601,0.0016867,0.151966,723,356,748,386,775,418,802,449,830,480,857,510,878,542
3354,195,-0.00285893,-0.0178829,-0.0320064,0.0219817,0.120073,719,351,745,382,772,414,800,446,828,476,853,504,876,537
3355,192,0.0329112,-0.0185462,-0.0354428,-0.0162808,0.166071,713,346,739,375,765,406,792,437,821,468,850,498,872,530
3356,195,9.26536e-05,-0.038262,0.00334967,-0.0349483,0.144564,711,341,737,372,763,403,792,435,819,465,847,494,870,526
3357,193,-0.051449,-0.0597609,-0.0682531,0.0174494,0.141804,709,335,732,367,756,397,784,428,813,456,844,487,868,519
3358,202,-0.138036,-0.16134,-0.208281,-0.0656661,0.104727,717,325,729,358,747,392,772,425,802,451,835,476,867,506
3359,204,-0.225427,-0.200755,-0.315354,-0.173599,-0.0413723,730,321,732,354,742,388,760,422,790,451,824,474,858,495
3360,208,-0.315759,-0.201597,-0.393983,-0.303194,-0.185792,744,311,735,345,737,380,746,414,772,448,806,472,841,488
3361,214,-0.334533,-0.304082,-0.332626,-0.414664,-0.366831,763,300,742,334,734,370,737,405,753,441,786,471,822,485
3362,212,-0.247862,-0.319294,-0.282808,-0.436535,-0.518457,775,295,749,329,734,364,731,399,738,434,763,468,799,484
3363,207,-0.171797,-0.227121,-0.333822,-0.421957,-0.456048,785,290,757,323,737,357,726,392,727,426,743,459,775,484
3364,207,-0.114917,-0.177743,-0.300246,-0.377625,-0.440363,798,281,770,310,744,344,726,379,720,413,727,447,751,479
3365,199,-0.0172649,-0.158657,-0.223021,-0.351952,-0.370842,804,274,775,307,747,340,727,373,716,406,717,439,731,472
3366,202,-0.0118374,-0.0600354,-0.165056,-0.283701,-0.382806,812,264,785,296,757,330,733,363,716,397,710,430,717,464
3367,198,-0.0155946,-0.0524298,-0.0815101,-0.191366,-0.375178,819,257,792,288,765,320,740,353,719,386,706,419,706,452
3368,196,0.0220993,-0.0220993,-0.0302378,-0.159905,-0.279218,825,249,800,280,773,312,748,343,723,376,706,408,699,441
3369,197,0.0355141,0.0268308,-0.0224339,-0.039911,-0.221878,831,237,808,269,784,300,757,333,732,365,709,397,695,430
3370,197,0.0942473,9.26387e-05,0.0334556,-0.0572606,-0.0985445,838,226,818,257,792,290,766,323,739,355,715,387,695,420
3371,184,0.00463066,-0.00463066,0.0623663,-0.0287778,-0.0492588,841,227,818,257,794,288,771,318,744,349,721,377,698,408
3372,182,0.0256527,-0.0205656,0.0334959,0.0263268,-0.0160952,847,220,825,249,801,279,778,309,755,337,729,367,703,398
3373,184,-0.0163462,-0.00499451,0.0295743,0.0353356,0.00235832,855,210,832,239,809,269,787,298,762,329,736,359,709,390
3374,189,-0.0882299,0.0247905,-0.0043043,0.057643,0.0142724,863,203,839,230,816,261,791,293,767,324,740,355,714,384
3375,189,-0.0904423,0.00508865,0.0152123,0.0358396,0.0730252,868,196,843,224,820,255,796,287,772,318,747,348,719,377
3376,183,-0.0212412,0.00547832,0.0156703,0.0371616,0.0770211,868,192,845,222,823,252,800,283,777,313,753,342,724,372
3377,184,-0.00508865,-0.00547832,0.00547832,0.0363285,0.0930225,872,186,851,214,828,245,806,275,783,306,759,336,731,365
3378,188,0.0210358,9.26536e-05,9.26536e-05,0.0156703,0.114275,878,177,856,208,833,239,810,270,787,301,764,331,735,361
3379,186,-0.0367987,0.0210358,-0.0275012,0.0639223,0.0560731,882,173,859,203,837,234,814,265,793,295,769,325,743,354
3380,184,-0.00945886,-0.00637277,0.0275012,-0.00547832,0.116858,884,169,863,198,841,229,820,259,797,290,775,320,748,349
3381,186,-0.0882841,9.26536e-05,-0.0216889,0.0428173,0.096182,893,161,870,188,848,219,826,250,805,281,782,312,754,343
3382,188,-0.0367987,9.26536e-05,-0.037096,0.0526534,0.0999736,894,157,871,187,849,218,827,249,808,278,786,308,759,338
3383,183,-0.0219302,0.00637277,-0.0290961,0.0446536,0.0837002,897,152,875,182,854,212,832,243,812,273,790,303,763,334
3384,185,-0.00945886,9.26536e-05,-0.0525293,0.0680868,0.0812492,899,149,878,178,856,209,834,240,815,270,793,300,767,330
3385,183,0.0219302,-0.05969,0.0306905,-0.0156541,0.125995,903,143,882,173,860,203,840,234,820,263,800,293,774,323
3386,190,0.00731462,9.26325e-05,-0.0367179,0.0584994,0.0806188,907,134,887,164,866,195,845,226,825,258,803,289,777,320
3387,185,-0.00945886,-0.0441326,0.0149438,-0.0149438,0.124844,911,132,890,161,868,192,848,223,828,253,808,284,782,315
3388,184,-0.0372463,-0.0307478,0.0233406,-0.0233406,0.114,913,128,891,158,870,189,851,219,831,249,812,279,787,310
3389,181,0.0289068,-0.0680868,9.26536e-05,9.26536e-05,0.110079,915,125,895,154,873,184,854,214,835,244,816,274,792,304
3390,183,-0.0609003,-0.0149438,-0.0083041,9.26536e-05,0.094144,920,119,898,148,878,178,858,209,839,239,820,269,796,300
3391,183,9.26536e-05,-0.0607801,0.0146236,9.26536e-05,0.094144,921,116,900,146,879,176,860,207,841,237,822,267,798,298
3392,188,-0.0152234,-0.0223511,-0.0230203,-0.00934103,0.118294,924,111,903,141,882,172,862,203,843,234,825,264,801,295
3393,184,-0.0152234,-0.0307478,-0.0384103,0.0618435,0.0290961,926,108,905,138,884,169,865,199,847,230,827,260,805,291
3394,185,-0.05969,9.26536e-05,-0.032454,0.00934103,0.088374,929,104,907,134,887,165,867,196,849,226,830,257,807,288
3395,181,-0.0226307,-0.0474904,9.26536e-05,9.26536e-05,0.0922367,930,101,909,131,889,161,871,191,853,221,835,251,813,281
3396,182,-0.0620809,9.26536e-05,-0.0240572,9.26536e-05,0.0766792,933,97,912,126,893,156,874,186,856,216,838,246,816,277
3397,183,-0.0226307,-0.0380568,-0.00934103,9.26536e-05,0.0766792,935,94,914,124,894,154,875,185,857,215,839,245,817,276
3398,183,-0.0824263,-0.0618435,-0.0104248,9.26536e-05,0.10155,938,92,915,121,895,151,877,182,860,212,843,242,821,273
3399,182,-0.0767313,-0.113571,-0.0503695,-0.0532375,0.0893466,945,87,919,116,896,146,878,176,862,206,848,236,830,267
3400,190,-0.177133,-0.123327,-0.209435,0.0111041,-0.0111041,954,87,924,111,896,143,875,174,862,206,849,237,836,269
3401,187,-0.0908004,-0.182685,-0.187566,-0.138527,-0.0898676,958,87,927,111,898,138,875,169,860,200,850,231,843,262
3402,185,-0.0618968,-0.126266,-0.234057,-0.203414,-0.183626,963,86,933,108,903,133,876,162,859,192,849,223,845,254
3403,179,-0.0908963,-0.0379842,-0.188893,-0.239995,-0.243666,971,82,942,102,912,127,882,154,860,183,847,213,842,243
3404,176,-0.0608357,-0.0208624,-0.113699,-0.21807,-0.269521,975,79,946,100,918,123,890,147,864,175,847,204,839,234
3405,175,-0.0608357,-0.0208624,-0.0570739,-0.178168,-0.23431,980,75,951,96,923,119,895,143,869,168,848,197,836,226
3406,175,-0.0817907,0.0171967,-0.0374251,-0.154178,-0.237819,984,72,955,93,927,117,898,141,870,166,847,194,833,223
3407,171,-0.0673291,-0.0236952,-0.0150906,-0.0782685,-0.185697,989,68,961,88,933,111,904,136,877,160,852,186,833,215
3408,169,-0.0283278,-0.0395063,-0.00296544,-0.0766792,-0.119336,993,65,966,85,938,107,911,130,883,154,857,180,835,208
3409,168,-0.0704093,-0.018455,-0.00627669,-0.0382366,-0.115122,997,62,970,81,943,103,917,125,889,149,862,174,838,202
3410,168,-0.18048,-0.0178043,9.26536e-05,-0.0397586,-0.039886,1005,59,978,74,950,97,923,120,896,143,870,167,845,192
3411,173,-0.041257,-0.0890009,0.0209815,-0.0397586,-0.039886,1005,57,977,76,950,96,923,120,896,143,870,167,843,194
3412,167,-0.0755346,-0.0709848,-0.0155311,-0.0226129,9.26536e-05,1010,54,983,71,956,91,928,115,902,138,875,163,848,188
3413,170,-0.128348,-0.085226,-0.0231939,-0.0180082,-0.0194843,1016,52,988,67,960,87,933,110,905,135,878,160,851,186
3414,166,-0.141804,-0.0590717,-0.0688716,0.00286592,-0.00144344,1019,50,992,64,964,84,938,105,910,131,884,155,857,180
3415,168,-0.147383,-0.0913795,-0.0178043,-0.0797373,0.0383499,1025,47,998,60,970,79,942,102,915,125,889,151,862,176
3416,173,-0.168986,-0.0451536,-0.0946674,-0.0211446,0.0179446,1029,45,1001,58,972,78,943,100,918,123,893,147,866,172
3417,170,-0.191215,-0.0696774,-0.0581881,-0.0406502,0.0165221,1031,44,1003,56,975,75,947,97,921,120,896,144,868,170
3418,170,-0.221773,-0.0472093,-0.0806562,-0.0226129,-0.00132982,1036,42,1008,53,980,72,952,93,926,116,899,141,871,167
3419,170,-0.191215,-0.0647514,-0.0225735,-0.0834164,0.0201701,1037,40,1009,52,981,71,954,92,927,114,899,141,872,166
3420,170,-0.14472,-0.101011,-0.1063,-0.0586632,0.0383499,1042,39,1014,50,986,66,958,86,931,110,903,138,876,163
3421,185,-0.231838,-0.152681,-0.19701,-0.109657,0.053035,1055,41,1025,46,994,59,963,78,936,103,910,133,883,161
3422,185,-0.182794,-0.19382,-0.252295,-0.183043,-0.0259645,1055,46,1025,49,994,58,963,74,935,99,911,130,889,160
3423,187,-0.157562,-0.147159,-0.296543,-0.250652,-0.104137,1058,48,1027,50,996,57,965,69,937,91,914,121,895,152
3424,186,-0.0285619,-0.183626,-0.189469,-0.338193,-0.22921,1063,48,1033,51,1002,55,971,65,940,82,914,111,897,142
3425,195,-0.0618435,-0.0845753,-0.203295,-0.266159,-0.416346,1073,49,1041,51,1009,55,976,62,944,76,913,101,896,134
3426,196,-0.0581122,-0.0646316,-0.108794,-0.264272,-0.409817,1079,49,1047,51,1014,55,982,61,949,71,917,91,895,123
3427,197,-0.0892912,-0.0296551,-0.0648936,-0.185778,-0.419776,1087,50,1055,51,1022,55,989,60,957,67,924,81,897,110
3428,198,0.00272424,-0.0596189,-0.0293894,-0.168825,-0.400835,1089,49,1057,52,1024,55,991,60,958,66,925,78,896,105
3429,198,-0.0581122,9.26536e-05,-0.0591372,-0.0863059,-0.377156,1093,49,1061,51,1028,55,995,59,962,65,929,74,897,98
3430,194,-0.0618435,9.26536e-05,-0.0305491,-0.0602683,-0.365306,1093,49,1061,51,1029,55,997,59,965,64,933,71,901,92
3431,204,-0.057621,-0.0290087,9.26387e-05,-0.0858438,-0.283761,1106,50,1073,51,1039,54,1005,58,971,62,937,69,903,87
3432,197,0.00272424,-0.0298711,-0.00363867,-0.0554059,-0.221283,1103,48,1071,51,1038,54,1005,58,973,62,940,68,907,82
3433,199,9.26536e-05,-0.0298711,0.0298711,-0.0596189,-0.224807,1107,48,1074,51,1041,54,1008,58,975,61,942,66,909,79
3434,199,-0.0298711,0.0298711,0.0300352,-0.0897468,-0.171286,1111,48,1078,51,1045,55,1012,58,979,60,946,65,913,76
3435,203,-0.0273827,-0.0290087,0.0564841,-0.0564841,-0.141569,1119,49,1086,51,1052,54,1018,58,985,60,951,64,917,73
3436,195,9.26536e-05,0.00272424,0.0281484,-0.0618435,-0.0845753,1119,48,1087,51,1055,54,1022,57,990,59,958,63,925,70
3437,200,9.26536e-05,0.0300352,-0.0300352,9.26536e-05,-0.112293,1125,48,1092,51,1059,54,1026,56,993,59,960,62,926,69
3438,200,-0.0300352,9.26536e-05,9.26536e-05,9.26536e-05,-0.0839197,1128,48,1095,50,1062,53,1029,56,996,59,963,62,929,68
3439,205,-0.0585114,9.26536e-05,0.0291589,-0.0291589,-0.0579122,1137,49,1103,50,1069,53,1035,56,1001,58,967,61,933,66
3440,201,0.0300352,-0.0273827,0.0273827,-0.0300352,-0.0263562,1137,48,1104,51,1071,53,1037,56,1004,58,971,61,937,65
3441,194,9.26387e-05,-0.0309653,0.0309653,-0.0309653,0.00272424,1134,49,1102,51,1070,53,1038,56,1006,58,974,61,941,64
3442,202,-0.0273827,0.0273827,-0.0273827,-0.00255986,0.00255986,1145,48,1112,50,1078,53,1045,55,1011,58,978,61,944,64
3443,203,0.00168354,-0.0291589,0.0273827,-0.0273827,9.26536e-05,1150,48,1117,50,1083,52,1049,55,1016,57,982,60,948,63
3444,196,-0.0281484,0.0281484,0.00179414,-0.0328521,0.00272424,1146,48,1114,50,1081,53,1049,55,1016,57,984,60,951,63
3445,196,0.00179414,-0.0328521,0.0328521,-0.0328521,0.00272424,1152,48,1120,50,1087,52,1055,55,1022,57,990,60,957,63
3446,189,9.26536e-05,-0.0289573,-0.00290434,0.0319543,0.00191538,1150,48,1119,50,1088,52,1056,55,1025,58,994,60,962,62
3447,195,-0.0930225,0.0637303,-0.0328521,0.0309653,0.00179414,1155,48,1123,49,1091,53,1058,55,1026,58,994,60,961,62
3448,196,-0.0593274,-0.00272424,0.00272424,0.0281484,0.00179414,1160,48,1128,49,1095,52,1063,55,1030,58,998,60,965,62
3449,192,-0.0611372,9.26536e-05,9.26536e-05,0.0309653,9.26387e-05,1159,48,1128,49,1096,52,1064,55,1032,58,1000,60,968,62
3450,194,9.26387e-05,-0.0309653,9.26536e-05,9.26536e-05,0.0630904,1164,48,1132,50,1100,52,1068,55,1036,58,1004,61,971,62
3451,190,0.0339623,-0.0339623,0.00290434,-0.00290434,0.0651413,1163,47,1132,50,1100,52,1069,55,1037,58,1006,61,974,62
3452,190,-0.0611372,0.0289573,-0.0289573,-0.0347538,0.0969907,1166,48,1135,49,1103,52,1072,54,1040,57,1009,61,977,62
3453,188,-0.0319543,0.0319543,-0.0319543,-0.0317568,0.0969907,1167,47,1136,49,1105,52,1074,54,1043,57,1012,61,980,62
3454,189,-0.0320873,-0.0289573,-0.00290434,9.26536e-05,0.0339623,1170,48,1139,49,1108,51,1076,54,1045,57,1014,60,982,62
3455,188,0.0641342,-0.0641342,9.26536e-05,-0.0317568,0.0969907,1171,47,1140,50,1109,51,1078,54,1047,57,1016,61,984,62
3456,186,0.00204867,-0.0319543,9.26536e-05,-0.0317568,0.0959837,1172,47,1142,49,1111,51,1080,54,1049,57,1018,61,987,62
3457,186,0.00204867,-0.0319543,9.26536e-05,-0.0317568,0.0959837,1176,47,1146,49,1115,51,1084,54,1053,57,1022,61,991,62
3458,187,-0.0320873,-0.0319543,9.26536e-05,-0.0317568,0.0638037,1178,48,1147,49,1116,51,1085,54,1054,57,1023,61,992,63
3459,193,-0.0310863,-0.093566,-0.0924853,-0.0602683,0.121788,1188,51,1156,49,1124,48,1092,50,1060,55,1028,62,996,65
3460,183,-0.129471,-0.131823,-0.100212,-0.158813,0.00880919,1184,56,1154,49,1124,46,1093,47,1063,51,1033,60,1002,69
3461,182,-0.0317437,-0.130735,-0.133044,-0.224796,-0.10553,1189,59,1159,52,1129,46,1099,44,1069,46,1039,55,1008,68
3462,176,-0.0983396,-0.0335764,-0.102504,-0.238394,-0.232517,1189,61,1160,53,1131,48,1102,44,1073,43,1044,49,1014,63
3463,178,0.2299,0.201315,0.0961995,0.0716074,-0.00752417,1017,57,1046,46,1076,42,1105,44,1135,49,1164,56,1194,63
3464,182,0.193942,0.166144,0.0976343,9.26387e-05,0.0850667,1018,52,1048,44,1078,42,1108,45,1138,51,1168,57,1199,66
3465,182,0.132459,0.165056,9.26536e-05,0.0321542,0.0550661,1024,47,1054,43,1084,43,1114,48,1144,53,1174,59,1205,67
3466,177,0.13762,0.0636024,0.0713738,9.26536e-05,-0.00652977,1030,45,1059,43,1088,45,1118,49,1147,55,1176,61,1206,67
3467,176,0.0687638,0.101786,0.0331901,-0.0331901,0.0584041,1035,44,1064,44,1093,46,1122,51,1151,57,1180,62,1210,69
3468,174,0.0672898,0.0675609,9.26536e-05,9.26536e-05,0.0660209,1040,44,1068,45,1097,48,1126,53,1155,58,1184,63,1213,70
3469,175,0.068117,-0.0338919,0.0675609,0.0331901,0.0968096,1039,44,1068,46,1097,50,1126,53,1155,58,1184,64,1213,73
3470,175,0.068117,9.26387e-05,0.0335764,0.0331901,0.127949,1039,44,1068,46,1097,50,1126,54,1155,59,1184,65,1213,75
3471,175,0.0685199,9.26536e-05,0.100844,0.0327381,0.155399,1039,46,1068,47,1097,50,1126,53,1155,59,1184,66,1213,78
3472,177,0.0343764,0.0651069,0.104257,0.127949,0.157805,1039,48,1068,48,1097,49,1127,52,1156,58,1185,68,1215,84
3473,181,0.0997965,0.066255,0.129471,0.12212,0.164012,1034,49,1064,47,1094,48,1124,51,1154,58,1184,69,1214,86
3474,177,0.102989,0.0664755,0.202507,0.12308,0.123116,1035,50,1064,47,1093,47,1123,49,1152,57,1181,69,1211,86
3475,179,0.103653,0.198377,0.103926,0.167367,0.0788292,1033,49,1062,45,1092,44,1122,49,1151,57,1181,71,1211,88
3476,177,0.136974,0.197303,0.134571,0.117607,0.0401051,1035,47,1064,43,1093,43,1123,49,1152,59,1181,73,1211,89
3477,176,0.171845,0.1679,0.125603,0.0297033,0.0712148,1035,44,1064,41,1093,43,1122,50,1151,61,1180,73,1210,88
3478,176,0.171443,0.163761,0.0615313,0.0297033,0.0441944,1036,40,1065,39,1094,43,1123,52,1152,63,1181,75,1211,89
3479,171,0.209187,0.0869882,0.0421815,9.26536e-05,0.0179139,1042,37,1070,38,1098,45,1127,55,1155,66,1183,77,1212,89
3480,169,0.20417,0.031933,9.26536e-05,-0.031933,0.0632427,1043,35,1071,38,1099,47,1127,57,1155,67,1183,76,1211,87
3481,169,0.131838,9.26536e-05,-0.0646316,0.032606,0.0632427,1045,34,1073,40,1101,50,1129,60,1157,68,1185,77,1213,88
3482,166,0.155572,-0.0524904,-0.0106596,-0.0572315,0.120567,1049,35,1076,41,1104,52,1131,61,1159,70,1186,77,1214,88
3483,169,0.0646316,-0.0646316,9.26536e-05,0.032606,0.0938009,1053,37,1081,45,1109,55,1137,63,1165,71,1193,80,1221,92
3484,173,-0.00903951,9.26536e-05,0.0417381,0.0209685,0.117607,1048,37,1076,45,1105,53,1134,61,1162,70,1191,80,1220,94
3485,172,-0.0069827,0.040868,0.0558489,0.0733207,0.12974,1046,40,1074,46,1103,52,1131,59,1160,68,1188,79,1217,95
3486,172,-0.03955,0.10782,0.117473,0.0422549,0.125231,1044,41,1072,46,1101,50,1129,57,1158,68,1186,80,1215,97
3487,177,-0.0675609,0.0942213,0.223931,9.26387e-05,0.143058,1040,41,1069,46,1098,49,1128,55,1157,68,1186,81,1216,100
3488,176,0.0685199,0.165993,0.152159,0.0558335,0.0629815,1039,42,1068,43,1097,46,1126,54,1155,67,1184,82,1214,100
3489,176,0.137458,0.228885,0.117607,0.0543137,0.0112904,1038,42,1067,41,1096,44,1125,54,1154,68,1183,84,1213,101
3490,169,0.211001,0.223484,0.0570463,9.26536e-05,-0.0280689,1045,38,1073,38,1101,44,1129,57,1157,72,1185,87,1213,101
3491,168,0.305911,0.148693,9.26536e-05,-0.0570463,9.26536e-05,1047,34,1074,35,1102,45,1130,60,1158,75,1186,88,1214,101
3492,161,0.258642,0.0582825,-0.0433582,-0.0766792,0.031256,1053,31,1079,36,1106,49,1133,64,1159,77,1186,88,1213,100
3493,158,0.224687,-0.0595381,-0.0311472,-0.0651413,0.0509578,1058,31,1084,39,1110,54,1136,67,1162,79,1188,89,1215,101
3494,156,0.0463287,-0.0614409,-0.0320745,-0.0669037,0.0990708,1062,31,1087,43,1113,57,1139,69,1165,80,1191,89,1217,101
3495,161,0.0146122,-0.123554,0.0454424,-0.0783974,0.156509,1061,33,1087,46,1114,60,1141,70,1167,81,1194,90,1221,104
3496,160,0.017891,-0.0509578,-0.0123755,0.0776095,0.045852,1059,36,1085,47,1112,59,1138,69,1165,79,1191,91,1218,105
3497,166,0.0195353,-0.0195353,0.0500935,0.0132399,0.127338,1056,38,1083,48,1111,59,1138,69,1166,81,1193,93,1221,110
3498,166,0.0228502,0.0436147,0.0798719,0.0435896,0.159104,1058,41,1085,49,1113,58,1140,68,1168,81,1195,95,1222,115
3499,164,0.0349125,0.100939,0.1523,0.0547304,0.140243,1059,43,1086,49,1113,56,1140,66,1167,81,1194,98,1220,120
3500,165,0.142924,0.151125,0.156937,0.0755346,0.0646155,1058,43,1085,46,1112,53,1140,65,1167,82,1194,102,1220,124
3501,163,0.107919,0.259591,0.134762,0.0477432,0.103857,1060,42,1087,45,1114,51,1141,65,1168,84,1195,105,1220,129
3502,167,0.134229,0.300584,0.0853317,0.0564992,0.0591917,1058,39,1085,42,1113,49,1141,66,1167,85,1195,108,1222,133
3503,161,0.169009,0.240078,0.0936814,0.027921,0.0616175,1061,37,1087,41,1114,50,1141,67,1167,87,1194,109,1220,133
3504,160,0.288271,0.152634,0.00637676,0.0370995,0.0705859,1065,34,1091,39,1118,53,1144,72,1171,92,1196,112,1222,136
3505,159,0.189941,0.132325,0.0189527,-0.0189527,0.0841866,1071,33,1097,42,1123,57,1149,77,1174,97,1200,117,1223,138
3506,157,0.218318,0.127666,-0.0236255,-0.0245236,0.093078,1068,31,1094,40,1120,56,1146,77,1172,97,1198,116,1224,139
3507,158,0.205211,0.0737765,-0.0236255,-0.0245236,0.114247,1071,31,1097,42,1123,60,1149,81,1175,101,1201,120,1227,144
3508,159,0.21737,0.0110801,-0.0110801,0.00573252,0.086159,1072,31,1098,43,1123,62,1150,83,1175,102,1201,122,1225,144
3509,157,0.167339,0.0482418,-0.0236255,9.26325e-05,0.108336,1073,32,1099,45,1125,64,1151,85,1177,105,1203,125,1227,148
3510,152,0.113442,0.0506252,-0.0247778,0.0247778,0.0901592,1076,34,1101,48,1126,66,1151,86,1176,105,1201,125,1226,149
3511,158,0.137045,9.26536e-05,0.0482418,0.0191534,0.046667,1072,33,1098,47,1124,66,1150,85,1176,106,1201,127,1227,151
3512,159,0.111511,0.0500583,0.0236255,0.0191534,0.0662404,1072,34,1098,48,1124,66,1150,86,1176,107,1201,128,1226,152
3513,164,0.0808114,0.0676004,0.0464687,-0.0227505,0.125497,1070,34,1097,49,1124,67,1150,87,1176,109,1202,130,1227,156
3514,165,0.0808114,0.077874,0.0176474,0.018455,0.144197,1070,35,1097,50,1124,68,1152,90,1179,112,1205,134,1228,160
3515,165,0.0834765,0.103955,0.0133519,0.0393235,0.0664755,1067,35,1094,49,1121,66,1149,88,1175,109,1199,130,1225,156
3516,168,0.0384639,0.120222,0.0395063,-0.0178043,0.15639,1066,35,1093,50,1121,67,1149,89,1176,112,1204,135,1228,162
3517,166,0.0641463,0.089613,0.0265354,0.0388784,0.0799366,1068,37,1095,52,1123,70,1150,91,1178,114,1205,138,1228,162
3518,167,0.0384639,0.141924,0.014493,0.00321859,0.0797373,1067,37,1094,52,1122,69,1150,92,1176,114,1203,137,1228,162
3519,162,0.0678875,0.121695,9.26536e-05,0.0217662,0.0797373,1067,38,1093,52,1120,69,1147,91,1174,113,1201,136,1226,161
3520,165,0.05651,0.17052,-0.00321859,-0.018455,0.101596,1066,39,1093,53,1120,69,1147,92,1173,114,1200,136,1226,162
3521,167,0.117754,0.0647514,0.0411211,0.00627669,0.0766792,1067,40,1094,54,1122,73,1149,94,1175,116,1203,140,1228,165
3522,163,0.0547304,0.121695,9.26536e-05,0.0217662,0.060132,1066,40,1093,55,1120,72,1147,94,1174,116,1201,139,1227,164
3523,166,0.117754,0.0647514,0.0444324,-0.00321859,0.0634432,1066,41,1093,55,1121,74,1148,95,1175,118,1201,140,1227,165
3524,170,0.132459,0.0647514,0.0474904,-0.00296544,0.060132,1065,42,1093,56,1121,75,1148,96,1176,120,1203,143,1229,168
3525,167,0.122521,0.137196,0.0367006,-0.0793576,0.0216094,1063,42,1090,55,1118,73,1146,97,1172,121,1200,143,1228,166
3526,171,0.185487,0.108513,0.0148082,-0.0599536,-0.0130951,1061,41,1089,54,1117,74,1145,99,1170,122,1197,144,1226,167
3527,172,0.175018,0.144155,0.0435134,-0.0258162,-0.0152123,1060,43,1088,55,1117,74,1143,97,1172,125,1196,147,1223,171
3528,177,0.176332,0.249204,0.0971058,0.0412947,-0.0252459,1058,46,1087,55,1116,70,1143,94,1168,121,1191,148,1217,177
3529,183,0.179583,0.376398,0.152557,0.0219302,-0.0839197,1061,48,1091,55,1121,68,1147,94,1169,124,1190,154,1215,184
3530,179,0.311438,0.384633,0.140213,-0.0964345,-0.0872551,1066,45,1095,51,1125,68,1148,97,1165,126,1186,155,1212,185
3531,181,0.493849,0.269757,-0.0489277,-0.10586,-0.0748053,1076,41,1106,50,1132,76,1149,106,1168,136,1191,165,1215,191
3532,180,0.477443,0.153451,-0.0745194,-0.143964,-0.0766792,1082,38,1111,52,1132,80,1148,110,1167,140,1191,168,1218,195
3533,177,0.449857,-0.0125193,-0.136693,-0.12012,-0.0767925,1089,37,1117,58,1132,87,1148,117,1169,146,1194,173,1221,198
3534,178,0.289923,-0.093496,-0.161029,-0.113574,0.000646991,1094,38,1118,65,1132,95,1149,124,1173,153,1199,178,1226,204
3535,173,0.112069,-0.153897,-0.104784,-0.0955449,-0.0210203,1100,44,1117,71,1131,100,1151,129,1175,157,1202,183,1228,207
3536,188,-0.0481565,-0.141391,-0.0569485,-0.0369275,9.26536e-05,1099,50,1116,81,1135,112,1159,141,1185,169,1212,196,1241,225
3537,174,-0.072071,-0.0650325,-0.0382366,0.0159562,0.00417171,1092,53,1110,81,1131,109,1155,137,1180,164,1206,193,1230,220
3538,172,-0.0226129,9.26536e-05,0.0591917,9.26536e-05,0.0673291,1090,65,1113,91,1138,118,1163,145,1186,173,1209,201,1229,229
3539,185,-0.0150906,0.145154,0.0872551,0.0536841,0.0468071,1087,71,1114,95,1143,120,1169,150,1190,179,1210,210,1228,241
3540,192,0.164145,0.197807,0.0857472,0.060484,0.0486492,1088,78,1119,97,1149,123,1173,154,1193,185,1211,217,1227,249
3541,197,0.288337,0.230624,0.0755205,0.0366016,0.0241495,1090,80,1122,96,1153,125,1175,158,1193,190,1210,223,1226,256
3542,200,0.394154,0.178358,0.0466156,9.26536e-05,0.03576,1098,82,1131,99,1158,131,1177,164,1194,197,1211,230,1227,264
3543,200,0.298406,0.153008,0.0241495,9.26387e-05,-0.0121019,1106,80,1138,104,1162,137,1179,170,1195,203,1211,236,1228,270
3544,216,0.306372,0.0643342,0.0223755,-0.04435,0.138991,1112,81,1144,110,1165,146,1183,182,1200,218,1219,254,1232,290
3545,208,0.333152,0.0122186,-0.0350755,-0.0117958,0.1063,1116,82,1147,113,1164,148,1180,182,1198,217,1216,251,1230,286
3546,208,0.248608,0.0365691,-0.081758,0.0336025,0.0347769,1121,86,1148,118,1165,153,1180,187,1199,222,1216,256,1232,291
3547,204,0.168754,9.26536e-05,-0.046964,9.26536e-05,0.0713145,1127,93,1150,126,1166,160,1182,194,1200,228,1218,262,1233,296
3548,203,0.151144,-0.0713145,-0.0354115,0.0354115,0.0713145,1129,98,1150,131,1165,165,1183,199,1202,232,1220,266,1235,300
3549,202,0.0811237,-0.0356065,-0.0101529,0.0338044,0.0849955,1130,104,1150,137,1167,171,1185,204,1204,238,1221,271,1235,305
3550,202,0.057872,-0.0797373,0.0349125,0.105004,0.113634,1129,109,1149,142,1167,176,1188,209,1208,243,1223,276,1234,310
3551,204,-0.0697064,0.0402655,0.110565,0.124262,0.108109,1127,113,1147,146,1171,180,1193,214,1210,248,1222,282,1230,316
3552,203,0.0302378,0.094945,0.151973,0.115085,0.111287,1126,120,1151,151,1176,184,1197,218,1211,251,1221,285,1227,319
3553,201,0.102504,0.16134,0.165056,0.112635,0.062918,1131,128,1159,158,1184,191,1202,225,1213,258,1220,291,1225,325
3554,201,0.156509,0.213212,0.149147,0.0863059,0.00508865,1134,130,1164,160,1188,193,1203,227,1212,260,1218,293,1224,327
3555,208,0.247883,0.213909,0.141804,-0.005557,0.0610555,1139,132,1171,163,1192,197,1204,231,1211,266,1218,300,1223,335
3556,208,0.292753,0.188867,0.0885632,-0.005557,0.0610555,1147,135,1175,164,1193,199,1203,233,1210,268,1217,302,1222,337
3557,215,0.37434,0.127777,-0.00594957,0.0594698,9.26536e-05,1152,134,1181,167,1194,203,1202,239,1210,274,1216,310,1222,346
3558,209,0.288337,0.0534958,0.0499463,-0.0499463,0.027223,1163,139,1184,172,1194,207,1202,242,1208,276,1216,311,1223,346
3559,211,0.24556,0.0542018,9.26387e-05,9.26387e-05,-0.027223,1166,140,1185,175,1194,210,1201,245,1208,280,1215,315,1223,350
3560,212,0.180088,0.027223,9.26387e-05,-0.027223,0.0325705,1171,146,1186,181,1194,216,1201,251,1208,286,1216,321,1223,357
3561,217,0.154398,-0.0265283,-0.0262171,0.0262171,0.0534276,1173,151,1186,187,1193,223,1201,259,1210,295,1218,331,1224,367
3562,213,0.107023,-0.0474904,-0.00661866,0.0268861,0.0594698,1174,155,1185,190,1192,225,1201,261,1210,296,1218,331,1224,367
3563,217,0.0788062,-0.052838,-0.0258755,0.0521853,0.0265283,1175,159,1185,195,1192,231,1201,267,1211,303,1219,339,1226,375
3564,207,9.26536e-05,-0.0205067,-0.0342688,0.0548681,0.0336025,1176,167,1184,201,1192,235,1201,270,1211,304,1219,338,1226,373
3565,205,-0.0275876,9.26387e-05,-0.0540377,0.0817179,0.0563258,1175,173,1183,207,1192,241,1201,275,1212,309,1220,343,1226,377
3566,208,-0.0205067,-0.0611186,0.00829769,0.0733276,0.0612197,1174,175,1182,209,1191,244,1202,278,1213,313,1221,347,1227,382
3567,206,9.26387e-05,-0.0540377,9.26536e-05,0.0817179,0.0336025,1173,181,1182,215,1191,249,1202,283,1213,317,1221,351,1228,386
3568,205,-0.0540377,9.26536e-05,0.0267571,0.0271879,0.084006,1172,185,1181,219,1192,253,1203,287,1213,321,1222,355,1228,389
3569,199,-0.0554059,9.26387e-05,0.0274233,0.056306,0.0287203,1173,192,1182,225,1193,258,1204,291,1214,324,1222,357,1229,390
3570,200,-0.0274233,9.26387e-05,0.0274233,0.0278899,0.0914872,1172,195,1182,228,1193,261,1204,294,1214,327,1223,360,1229,394
3571,198,-0.0457935,0.0544438,-0.0274233,0.083822,0.0873718,1173,202,1183,234,1195,267,1205,300,1216,333,1224,366,1229,399
3572,195,-0.0275819,0.0369275,-0.00925287,0.0860248,0.0945146,1172,207,1183,239,1195,271,1206,304,1217,336,1225,368,1230,401
3573,194,-0.0275819,0.0275819,9.26387e-05,0.115646,0.0354115,1173,212,1184,244,1196,276,1207,308,1218,340,1225,372,1231,405
3574,195,9.26536e-05,0.00990701,0.0457935,0.0578136,0.0945146,1172,214,1184,246,1196,278,1208,311,1218,343,1226,375,1231,408
3575,192,-0.0448111,0.0546939,0.0281186,0.0286248,0.14972,1173,218,1184,249,1197,281,1208,313,1218,345,1227,377,1231,409
3576,192,-0.0164564,0.0270193,0.0557931,0.0578136,0.120531,1172,220,1184,251,1197,283,1209,315,1219,347,1227,379,1231,411
3577,191,0.0111041,0.0546939,0.0189613,0.0965918,0.0602683,1173,225,1186,256,1199,288,1210,320,1220,351,1227,383,1232,415
3578,191,0.0382161,9.26536e-05,0.0466359,0.0669708,0.0898893,1173,227,1186,258,1198,290,1210,322,1220,353,1228,385,1233,417
3579,189,0.0276531,0.0104703,0.0466359,0.0898676,0.0366413,1173,229,1186,260,1198,291,1210,323,1220,354,1227,385,1233,417
3580,184,0.0394815,0.0777842,-0.0204927,0.0513471,0.0384278,1176,236,1189,266,1201,297,1210,327,1220,358,1228,388,1235,419
3581,179,0.040701,0.0610555,0.023661,0.00752417,-0.179583,1179,233,1190,262,1200,292,1208,322,1215,351,1222,381,1235,411
3582,168,0.177904,0.0347191,9.26387e-05,-0.13631,-0.240754,1184,233,1194,260,1199,288,1203,316,1207,344,1215,372,1231,400
3583,157,0.18613,9.26325e-05,-0.0380121,-0.0376801,-0.463555,1188,235,1195,261,1197,287,1199,313,1202,339,1206,365,1223,389
3584,145,0.0826198,0.0831925,-0.206699,-0.118553,-0.442756,1189,251,1192,275,1193,299,1192,323,1196,347,1203,371,1219,389
3585,158,-0.0383499,-0.152557,-0.192814,-1.11027,-1.43191,1184,271,1183,297,1183,323,1187,349,1196,374,1222,377,1229,350
3586,154,-0.196108,-0.232838,-0.714212,-1.36066,-0.718299,1176,292,1173,317,1175,343,1183,368,1206,382,1223,364,1224,338
3587,164,-0.253581,-0.531631,-1.14408,-1.06485,-0.146986,1165,317,1165,344,1172,371,1193,392,1217,383,1221,356,1221,328
3588,176,0.0687638,0.379774,1.19329,0.953741,0.445894,1220,316,1220,345,1218,374,1205,401,1177,399,1160,371,1157,341
3589,178,-0.0687638,0.236756,0.709832,1.24795,0.595236,1220,307,1218,336,1218,366,1211,395,1186,413,1161,395,1150,365
3590,179,-0.0354428,0.163982,0.321658,1.18411,0.859078,1220,302,1218,331,1217,361,1211,391,1195,419,1165,415,1148,389
3591,177,-0.0342947,0.162834,0.0716793,0.713534,1.13357,1220,295,1218,324,1217,353,1211,383,1203,412,1176,430,1148,413
3592,189,-0.0319543,0.0904772,0.0669925,0.443795,1.12009,1221,284,1218,315,1216,346,1211,378,1204,409,1182,437,1150,430
3593,188,9.26536e-05,0.0317568,0.093666,0.20202,0.901531,1221,282,1218,313,1215,344,1211,375,1204,406,1190,437,1158,445
3594,161,0.56521,9.26387e-05,0.0796278,0.159984,0.39843,1208,311,1216,329,1212,356,1208,383,1202,409,1191,436,1169,458
3595,197,-0.00363867,0.0591372,0.0054018,0.108794,0.218062,1223,269,1219,301,1215,334,1209,367,1203,399,1193,432,1175,464
3596,200,-0.0298711,0.11827,0.0571365,9.26387e-05,0.0465565,1223,266,1219,299,1216,332,1209,365,1200,398,1191,431,1180,465
3597,205,9.26536e-05,0.142991,0.0548681,0.0531485,-0.108109,1224,260,1221,294,1218,328,1210,362,1200,396,1188,430,1180,464
3598,207,9.26325e-05,0.0830486,0.170912,0.102498,-0.0348931,1224,246,1222,280,1220,314,1215,349,1204,383,1189,417,1175,452
3599,198,-0.0311472,0.120531,0.145536,0.209351,0.069076,1222,247,1221,279,1221,312,1217,345,1208,378,1191,411,1171,444
3600,204,-0.0596044,0.0587139,0.145176,0.265078,0.276606,1221,235,1220,268,1221,302,1220,336,1214,370,1198,404,1171,435
3601,212,-0.0855518,0.0569881,0.0569881,0.298462,0.397423,1219,224,1218,259,1220,294,1220,329,1218,364,1205,399,1175,431
3602,215,-0.112487,0.0276352,0.0562416,0.190013,0.470163,1219,218,1217,253,1219,289,1220,325,1219,360,1211,396,1183,430
3603,213,-0.028471,0.000700368,0.0562416,0.141122,0.358204,1218,217,1218,252,1219,287,1220,323,1219,358,1213,393,1192,429
3604,217,-0.0554059,-0.0554059,0.0831765,0.0827939,0.211001,1219,210,1217,246,1217,282,1219,318,1218,354,1214,390,1202,426
3605,220,-0.0830486,9.26536e-05,9.26536e-05,0.0554059,0.131388,1220,200,1217,236,1217,273,1217,309,1217,346,1215,382,1208,419
3606,225,-0.0805768,-0.0269278,9.26536e-05,9.26536e-05,0.0786913,1221,187,1217,224,1216,261,1216,299,1216,336,1216,373,1213,411
3607,218,-0.0827939,9.26536e-05,-0.027678,9.26536e-05,0.0269278,1221,186,1217,222,1216,258,1215,294,1215,330,1215,366,1214,403
3608,217,-0.0275501,9.26536e-05,-0.0276352,-0.0554486,0.027678,1221,178,1218,214,1216,250,1214,286,1213,322,1214,358,1214,394
3609,224,-0.0268099,9.26536e-05,9.26536e-05,-0.0539088,-0.0262171,1222,161,1219,198,1217,235,1215,272,1213,309,1213,346,1214,384
3610,218,-0.0550661,-0.0276352,0.0276352,-0.0276352,-0.027678,1222,161,1218,197,1216,233,1215,269,1213,305,1212,341,1212,378
3611,218,-0.0275501,9.26536e-05,9.26536e-05,9.26536e-05,-0.0554059,1222,151,1219,187,1217,223,1215,259,1213,295,1211,331,1211,368
3612,220,-0.0290471,0.00140435,-0.00140435,0.0290471,-0.0560281,1222,143,1219,179,1217,216,1215,252,1213,289,1210,325,1209,362
3613,216,-0.0299141,9.26536e-05,0.0275501,-0.0275501,9.26536e-05,1222,140,1219,175,1217,211,1215,247,1212,283,1210,319,1208,355
3614,219,9.26536e-05,-0.0283854,0.0560281,0.0274233,-0.0565631,1221,132,1219,168,1217,204,1216,241,1213,277,1209,313,1207,350
3615,214,-0.00148962,-0.0268422,0.0544849,0.0305581,-0.0582008,1221,130,1219,165,1217,201,1216,236,1213,272,1209,307,1207,343
3616,219,-0.0276352,0.0261382,0.00140435,0.0550661,-0.0028747,1221,118,1219,154,1218,190,1216,227,1214,263,1210,299,1206,336
3617,217,0.0276352,-0.0276352,0.0552779,0.0274233,9.26325e-05,1220,117,1219,153,1217,189,1216,225,1213,261,1209,297,1205,333
3618,221,-0.0283854,0.0268884,0.00140435,0.0520987,0.0265389,1221,107,1219,143,1218,180,1216,217,1214,253,1210,290,1205,327
3619,220,-0.0283854,0.0283854,-0.00140435,0.0565631,-0.0028747,1221,102,1219,138,1218,175,1216,211,1214,248,1210,284,1206,321
3620,219,-0.0276352,0.0261382,0.00140435,0.0550661,-0.0296605,1221,98,1219,134,1218,170,1216,207,1214,243,1210,279,1207,316
3621,211,-0.056849,0.0284245,0.0283319,-0.0283319,-0.0569881,1222,95,1219,130,1218,165,1216,200,1213,235,1211,270,1211,305
3622,206,-0.0290087,9.26536e-05,-0.0291589,-0.0292599,-0.0863914,1224,93,1220,127,1217,161,1214,195,1212,229,1211,263,1213,298
3623,208,-0.0321276,0.0321276,-0.0604143,-0.114816,-0.0560094,1226,88,1221,122,1217,157,1212,191,1209,226,1210,260,1213,295
3624,212,-0.0281941,0.0562991,0.0277886,-0.112605,-0.167645,1226,75,1222,110,1219,145,1214,180,1208,215,1206,250,1210,286
3625,210,0.0560094,0.0281941,0.0835109,-0.0835109,-0.17078,1223,72,1222,106,1219,141,1215,176,1208,211,1204,246,1206,281
3626,202,-0.000797818,0.0911277,0.0823289,-0.0525811,-0.179682,1221,77,1220,110,1219,144,1215,177,1208,211,1203,244,1204,278
3627,201,0.0604394,0.0879147,0.0917535,9.26536e-05,-0.121005,1217,72,1219,105,1219,138,1216,172,1210,205,1204,238,1202,272
3628,195,0.0621443,0.0614409,0.0939686,0.0909101,-0.0648936,1215,67,1218,99,1219,131,1218,164,1214,196,1207,228,1202,261
3629,196,0.0336025,0.0905672,0.0905672,0.0945954,0.0235823,1212,62,1216,94,1219,127,1219,159,1216,192,1210,224,1203,257
3630,197,0.00363867,0.059999,0.0916792,0.148521,0.0863059,1210,60,1214,92,1218,125,1220,158,1219,190,1213,223,1204,256
3631,191,0.00387558,9.26536e-05,0.124262,0.0623262,0.182467,1208,58,1212,89,1216,121,1220,153,1220,184,1218,216,1210,248
3632,192,0.00482373,9.26536e-05,0.0924853,0.124745,0.0924853,1205,53,1210,84,1215,116,1220,148,1222,180,1220,212,1215,244
3633,182,0.0321542,9.26536e-05,0.0653874,0.066255,0.161552,1203,52,1209,82,1214,112,1219,142,1222,172,1223,202,1219,233
3634,182,9.26387e-05,0.0321542,9.26536e-05,0.165056,0.0643342,1201,50,1207,80,1213,110,1218,140,1223,170,1223,200,1221,231
3635,179,-0.0584041,0.0317437,0.0265677,0.104074,0.133044,1200,51,1205,80,1212,110,1218,140,1223,169,1225,199,1223,229
3636,177,9.26536e-05,0.00652977,-0.00652977,0.135069,0.102085,1199,51,1205,80,1211,109,1217,139,1223,168,1225,197,1224,227
3637,171,-0.0342918,0.0069827,-0.0069827,0.0691036,0.141804,1198,50,1203,78,1209,106,1215,135,1221,163,1225,191,1225,220
3638,170,-0.0342918,9.26387e-05,9.26387e-05,0.0691036,0.107335,1197,49,1202,77,1208,105,1214,133,1220,161,1224,189,1225,218
3639,166,-0.0278899,-0.00748296,0.0418674,0.0295378,0.111287,1197,52,1202,79,1208,107,1214,134,1219,162,1223,189,1224,217
3640,163,-0.0354655,0.0354655,9.26325e-05,0.0359398,0.0730467,1196,52,1201,79,1207,106,1212,133,1217,160,1221,187,1223,214
3641,165,9.26536e-05,0.0418674,0.0295378,0.0363285,0.00382889,1194,49,1200,76,1206,103,1211,131,1215,158,1218,185,1221,213
3642,161,0.00922798,0.0704706,0.144576,-0.072122,9.26536e-05,1192,46,1199,72,1206,99,1211,126,1212,152,1215,179,1218,206
3643,158,0.140282,0.0367179,0.189896,-0.0383499,-0.072122,1191,51,1201,77,1207,103,1212,129,1212,155,1213,181,1216,208
3644,155,0.184433,0.0729138,0.189896,9.26536e-05,-0.114784,1188,49,1200,74,1207,100,1212,126,1212,151,1212,177,1215,203
3645,150,0.16619,0.144869,0.195474,0.0798647,-0.039886,1183,47,1197,70,1207,95,1213,120,1214,145,1213,170,1213,195
3646,146,0.0620839,0.17458,0.238517,0.124691,0.0776937,1180,48,1195,72,1208,96,1216,120,1218,144,1217,168,1214,193
3647,145,-0.0135305,0.0982195,0.224274,0.122162,0.248197,1178,49,1191,72,1205,96,1216,120,1221,144,1223,168,1219,192
3648,137,-0.225563,0.0191642,0.12604,0.174165,0.12723,1178,47,1185,69,1198,91,1211,114,1220,136,1225,159,1227,182
3649,134,-0.240078,-0.0699679,0.0699679,0.155502,0.135769,1178,50,1183,72,1194,94,1207,116,1218,138,1225,160,1229,183
3650,138,-0.204688,-0.218918,0.0334714,0.0706673,0.114594,1179,47,1181,69,1188,92,1201,115,1213,138,1223,161,1230,184
3651,133,-0.266159,-0.160283,-0.0726266,9.26536e-05,0.0356065,1179,52,1179,74,1185,96,1195,118,1207,140,1219,162,1230,184
3652,138,-0.262758,-0.200704,-0.107807,-0.0334714,9.26536e-05,1179,51,1177,73,1181,96,1190,119,1202,142,1215,165,1228,188
3653,143,-0.335005,-0.0783061,-0.197001,0.017147,-0.0507111,1178,51,1175,74,1180,98,1187,122,1199,145,1211,169,1224,192
3654,146,-0.248617,-0.159346,-0.110904,9.26536e-05,-0.115605,1178,49,1175,73,1178,97,1185,121,1195,145,1205,169,1219,194
3655,148,-0.282918,-0.125046,-0.0616688,-0.0131224,-0.0556436,1178,51,1175,75,1179,100,1186,124,1195,149,1204,173,1215,198
3656,154,-0.349952,-0.156961,-0.0573782,-0.0132399,0.0471694,1179,51,1174,76,1178,102,1186,127,1196,153,1206,178,1215,204
3657,145,-0.400321,-0.317035,-0.070899,-0.0337927,0.104784,1182,52,1173,76,1174,100,1183,124,1194,148,1206,172,1215,196
3658,147,-0.43102,-0.402698,-0.232274,-0.158148,-0.0282017,1192,49,1175,72,1170,96,1175,121,1186,145,1202,169,1219,193
3659,146,-0.420104,-0.404799,-0.20056,-0.244188,-0.211808,1198,46,1176,70,1168,94,1170,118,1177,142,1191,166,1212,189
3660,154,-0.395913,-0.327102,-0.154763,-0.36455,-0.236132,1201,44,1179,67,1169,93,1168,118,1171,144,1184,169,1204,192
3661,156,-0.321658,-0.273567,-0.266668,-0.323376,-0.151322,1205,43,1183,65,1170,91,1165,117,1167,143,1178,169,1194,195
3662,159,-0.284246,-0.269512,-0.292024,-0.259964,-0.208507,1208,44,1185,66,1170,92,1163,119,1164,145,1172,171,1187,198
3663,161,-0.271624,-0.246807,-0.24952,-0.221461,-0.171502,1211,43,1187,66,1171,93,1163,120,1162,146,1167,173,1177,200
3664,159,-0.262027,-0.201435,-0.206781,-0.191556,-0.141804,1211,45,1187,69,1172,95,1163,122,1160,148,1162,174,1168,201
3665,163,-0.229945,-0.213112,-0.102989,-0.218576,-0.183018,1212,46,1188,71,1172,98,1163,125,1157,152,1157,179,1162,206
3666,159,-0.233651,-0.133338,-0.191333,-0.0740569,-0.152557,1215,45,1191,69,1175,95,1163,122,1157,148,1153,174,1153,201
3667,159,-0.159356,-0.187228,-0.155137,-0.0361032,-0.152767,1217,44,1193,69,1175,95,1163,122,1156,148,1150,174,1148,201
3668,157,-0.164589,-0.115334,-0.20056,-0.0729138,-0.113124,1214,48,1191,73,1174,99,1161,125,1154,151,1149,177,1147,203
3669,159,-0.0482418,-0.152634,-0.179761,-0.108418,-0.115957,1216,46,1195,72,1176,98,1162,125,1154,151,1149,177,1147,204
3670,159,0.00696368,-0.123888,-0.208507,-0.0716074,-0.152767,1215,47,1197,72,1178,98,1163,125,1155,151,1149,177,1147,204
3671,166,0.0728282,-0.0611514,-0.191838,-0.124262,-0.182877,1215,45,1200,71,1181,99,1165,126,1155,154,1149,181,1148,209
3672,162,0.0130645,0.0277639,-0.147987,-0.0320774,-0.280674,1213,47,1199,73,1184,100,1168,127,1157,154,1147,181,1145,208
3673,168,0.0798719,0.0843832,-0.0272443,-0.0570463,-0.257869,1211,46,1201,73,1188,101,1172,129,1157,157,1144,185,1139,213
3674,173,-0.00803725,0.155399,0.19557,0.00810388,-0.203766,1208,39,1201,67,1194,96,1182,125,1164,152,1145,180,1133,209
3675,159,-0.0367179,0.13167,0.257231,0.115571,-0.0814383,1205,51,1199,77,1194,103,1185,130,1168,156,1148,180,1129,207
3676,158,-0.0367179,0.0729138,0.230854,0.204626,0.0653723,1205,53,1199,79,1194,105,1187,131,1173,157,1152,182,1129,206
3677,162,-0.00803725,9.26536e-05,0.199463,0.28394,0.306525,1205,54,1199,80,1193,107,1187,134,1175,161,1153,187,1126,204
3678,160,-0.0797373,-0.028588,0.164625,0.233204,0.327005,1206,56,1198,82,1192,109,1187,135,1177,162,1161,186,1135,206
3679,157,9.26536e-05,-0.0361032,0.106353,0.0990708,0.329646,1206,57,1199,83,1192,109,1186,135,1177,161,1165,187,1144,209
3680,159,9.26387e-05,-0.0103508,0.0450962,-0.0701569,0.315987,1209,55,1201,81,1193,107,1185,134,1176,160,1169,186,1152,212
3681,171,-0.0998123,0.151358,0.0116967,-0.197532,0.185743,1212,45,1203,73,1197,101,1186,130,1175,158,1170,186,1159,215
3682,164,-0.0342887,0.0679838,0.12688,-0.194957,0.0245329,1212,51,1204,78,1197,105,1188,132,1175,159,1168,186,1160,214
3683,170,-0.134197,0.0681772,0.189599,9.26536e-05,-0.133657,1215,40,1206,68,1201,96,1194,124,1181,152,1168,180,1159,209
3684,167,-0.144949,0.0342918,0.17569,0.132178,-0.0843832,1216,42,1207,69,1202,97,1196,125,1185,152,1169,180,1156,208
3685,164,-0.138547,9.26325e-05,0.104852,0.246807,0.0611514,1216,45,1207,72,1202,99,1197,126,1189,153,1173,180,1154,208
3686,157,-0.177093,-0.0372463,0.110253,0.20056,0.191955,1217,49,1207,75,1202,101,1198,127,1191,153,1178,179,1158,205
3687,167,-0.110565,-0.0342918,0.0768726,0.120567,0.291543,1218,46,1209,73,1203,101,1198,129,1191,156,1180,184,1158,212
3688,167,-0.00966313,-0.101498,0.0418674,0.18613,0.208223,1218,51,1210,78,1202,106,1197,134,1191,161,1179,189,1160,216
3689,160,-0.0450962,-0.0979745,0.028588,0.0797373,0.26333,1219,55,1210,81,1202,108,1197,134,1191,161,1183,187,1166,214
3690,168,-0.0433582,-0.0671137,-0.0342918,0.166222,0.228221,1219,57,1210,84,1202,112,1196,140,1191,168,1181,196,1163,224
3691,168,-0.0433582,-0.0671137,-0.0691036,0.201034,0.202538,1219,58,1210,85,1202,113,1196,141,1192,169,1182,197,1165,225
3692,169,-0.065927,-0.0681772,0.0342918,0.0998123,0.180718,1219,57,1210,85,1203,113,1198,141,1192,169,1183,197,1168,225
3693,164,-0.0354655,0.0354655,0.0349125,0.100939,0.137011,1217,61,1211,88,1206,115,1200,142,1193,169,1183,196,1168,224
3694,167,-0.00382889,9.26536e-05,0.146846,0.265379,0.11831,1213,60,1210,87,1207,115,1204,143,1197,170,1181,198,1161,225
3695,167,-0.147319,9.26536e-05,0.111287,0.287499,0.33103,1213,56,1208,83,1207,111,1206,139,1202,166,1189,194,1164,220
3696,167,-0.111287,-0.0356065,0.110565,0.294142,0.35914,1211,59,1207,86,1206,114,1206,142,1203,169,1191,197,1168,221
3697,167,-0.111287,-0.0356065,0.0369275,0.241187,0.484787,1210,59,1206,86,1205,114,1205,142,1204,169,1196,197,1174,220
3698,158,-0.114784,9.26536e-05,0.0766792,0.113124,0.508579,1208,68,1205,94,1205,120,1205,146,1203,172,1198,198,1177,223
3699,172,-0.0729479,-0.0687638,9.26536e-05,0.0712148,0.458816,1210,49,1206,77,1204,106,1204,134,1204,163,1202,191,1185,220
3700,168,-0.111287,-0.0356065,-0.0356065,0.142342,0.356819,1208,58,1204,85,1203,113,1203,141,1204,169,1201,197,1188,223
3701,176,-0.068117,-0.103233,9.26536e-05,0.0688455,0.316883,1208,51,1204,80,1202,109,1203,138,1204,167,1203,196,1192,226
3702,177,-0.068117,-0.0687638,-0.0343764,9.26536e-05,0.294979,1208,49,1204,78,1202,107,1202,137,1203,166,1204,195,1196,225
3703,180,-0.0704054,-0.0331545,-0.0665493,-0.0331545,0.263871,1208,46,1204,75,1202,105,1201,135,1202,165,1204,195,1198,225
3704,165,-0.0735445,-0.0369275,-0.0369275,-0.0368263,0.215743,1205,62,1202,89,1201,116,1201,144,1202,171,1204,198,1200,226
3705,184,-0.068032,-0.0310132,-0.0654752,-0.0342286,0.130902,1207,43,1203,73,1201,104,1200,134,1201,165,1203,195,1201,226
3706,180,-0.0364208,-0.0664755,-0.0332283,9.26536e-05,0.0332283,1205,45,1202,74,1200,104,1200,134,1201,164,1202,194,1202,224
3707,167,-0.0748655,-0.0356065,9.26536e-05,-0.0712148,0.0712148,1204,56,1201,83,1200,111,1200,139,1200,166,1202,194,1202,222
3708,168,-0.111287,-0.0713056,0.0356065,-0.0356065,0.0356065,1204,56,1200,83,1199,111,1200,139,1200,167,1201,195,1201,223
3709,177,-0.102989,9.26536e-05,9.26536e-05,0.0343764,-0.0676974,1203,45,1200,74,1200,103,1200,133,1200,162,1199,191,1200,221
3710,173,0.00235832,9.26387e-05,0.104463,0.0672898,0.0675609,1197,45,1199,73,1201,102,1203,131,1202,159,1199,188,1194,217
3711,167,0.0418674,0.0347191,0.178825,0.104784,0.169009,1190,50,1196,77,1201,105,1205,133,1204,160,1200,188,1191,216
3712,179,0.00937079,0.0621322,0.160283,0.201315,0.288775,1181,43,1190,72,1199,102,1206,132,1208,161,1204,191,1191,220
3713,183,-0.0598953,-0.0177962,0.171845,0.296972,0.3509,1175,40,1184,70,1195,100,1207,131,1213,161,1210,191,1195,222
3714,185,-0.0164804,-0.0270223,0.163499,0.292757,0.418322,1169,45,1181,75,1194,106,1208,137,1216,167,1215,198,1200,229
3715,186,-0.0164804,-0.0792953,0.107041,0.272767,0.43736,1164,44,1176,74,1189,105,1205,136,1217,167,1220,198,1209,229
3716,185,-0.072657,-0.0521804,0.0397476,0.214453,0.413174,1161,44,1172,74,1186,105,1202,136,1216,166,1223,197,1217,228
3717,184,-0.0164804,-0.0664755,-0.0518087,0.224,0.291364,1158,45,1170,75,1183,106,1198,136,1215,166,1224,196,1224,227
3718,180,-0.0462709,-0.0546471,-0.0518087,0.0788292,0.336866,1156,46,1167,75,1180,105,1195,135,1212,165,1226,195,1229,225
3719,184,-0.0164804,-0.0664755,-0.0127272,-0.0133973,0.198408,1152,42,1164,72,1177,103,1192,133,1208,164,1224,194,1233,224
3720,175,0.0282478,-0.0558335,0.0558335,-0.0826541,0.0267279,1149,44,1163,73,1176,102,1191,131,1204,160,1220,189,1235,218
3721,175,0.0417081,9.26387e-05,0.0849126,-0.0289864,-0.0826541,1146,46,1162,74,1177,103,1192,132,1204,161,1217,190,1233,219
3722,181,9.26536e-05,0.0398521,0.106549,0.117358,-0.0889569,1141,44,1159,73,1177,102,1194,132,1207,162,1216,192,1228,222
3723,189,-0.065261,0.0796278,0.189173,0.116687,0.0671137,1135,41,1155,72,1178,103,1198,135,1210,166,1218,197,1224,229
3724,187,-0.114,0.0197638,0.208052,0.228487,0.189742,1130,40,1149,70,1174,101,1198,132,1213,163,1220,194,1221,225
3725,182,-0.134229,-0.0560731,0.120088,0.288883,0.289411,1125,38,1143,68,1167,98,1193,127,1214,157,1224,187,1225,218
3726,177,-0.0879147,-0.123625,0.0404834,0.222384,0.306678,1121,38,1139,67,1160,95,1187,123,1211,150,1227,179,1233,209
3727,170,-0.0174494,-0.121005,-0.0775289,0.101914,0.280745,1118,40,1136,67,1154,93,1178,120,1205,146,1227,172,1240,201
3728,162,-0.0340404,-0.0661138,-0.147534,9.26325e-05,0.221403,1115,42,1132,68,1151,95,1172,121,1197,144,1222,167,1240,193
3729,161,0.0364047,-0.0755346,-0.125538,-0.0637685,0.0415499,1112,43,1127,65,1144,92,1164,119,1186,142,1211,165,1234,188
3730,160,0.0889753,-0.0704969,-0.0737765,-0.105892,-0.105892,1107,42,1125,67,1141,94,1159,120,1180,146,1203,169,1229,190
3731,163,0.163612,-0.0268738,-0.0435304,-0.0966196,-0.189033,1099,40,1120,65,1136,92,1153,119,1171,145,1193,171,1219,192
3732,163,0.151693,0.0781596,9.26536e-05,-0.0529549,-0.17603,1092,40,1116,65,1135,92,1151,119,1167,146,1185,173,1208,197
3733,171,0.0360455,0.108513,0.128348,0.0570463,-0.14524,1082,35,1106,60,1131,88,1151,116,1166,144,1179,172,1198,201
3734,176,-0.0799212,0.0799212,0.11095,0.191695,0.0408202,1075,34,1098,60,1125,86,1148,112,1167,139,1180,168,1192,198
3735,158,-0.114162,-0.0424541,-0.000852526,0.176445,0.152634,1073,37,1092,62,1115,86,1139,109,1162,131,1181,157,1195,184
3736,159,-0.100247,-0.127165,-0.0892912,0.088346,0.0637685,1071,40,1088,66,1109,92,1133,115,1158,135,1181,157,1204,182
3737,164,-0.0678875,-0.179933,-0.107102,-0.0840134,-0.041257,1069,41,1083,67,1100,94,1122,118,1147,140,1174,160,1202,179
3738,165,-0.0582825,-0.13631,-0.20056,-0.121005,-0.141804,1067,43,1080,70,1095,97,1116,125,1143,149,1169,167,1197,181
3739,171,-0.0586632,-0.116263,-0.205303,-0.119336,-0.303332,1064,43,1076,71,1090,99,1109,128,1134,153,1162,175,1191,186
3740,176,-0.0587823,-0.158491,-0.144155,-0.158782,-0.307072,1061,44,1072,73,1085,102,1104,131,1127,157,1155,180,1185,192
3741,181,-0.0289689,-0.18397,-0.126675,-0.213398,-0.256969,1058,44,1069,74,1081,104,1100,134,1124,163,1152,185,1182,198
3742,181,-0.0586632,-0.13495,-0.150328,-0.213398,-0.227597,1056,45,1066,75,1078,105,1095,135,1117,163,1146,187,1176,202
3743,180,-0.0821846,-0.164012,-0.175695,-0.17074,-0.168114,1054,45,1062,74,1073,104,1090,134,1114,163,1142,187,1172,205
3744,168,-0.170947,-0.289884,-0.208708,-0.281293,-0.0264163,1060,57,1062,84,1069,112,1085,139,1108,164,1136,181,1164,197
3745,178,-0.558285,-0.354758,-0.42763,-0.389503,-0.166818,1075,62,1060,90,1062,120,1075,149,1100,171,1129,181,1159,186
3746,198,-0.742606,-0.798713,-0.487067,-0.655742,-0.488241,1117,77,1085,76,1056,101,1054,134,1069,167,1101,184,1134,184
3747,172,-0.244618,-0.561282,-0.622379,-0.429086,-0.72018,1122,81,1094,86,1065,99,1047,126,1048,155,1062,183,1089,194
3748,164,-0.0679838,-0.213112,-0.557396,-0.44124,-0.556074,1134,84,1107,91,1080,100,1053,116,1039,143,1038,170,1054,198
3749,168,-0.0228502,-0.0632427,-0.370993,-0.546985,-0.4893,1146,85,1119,93,1091,102,1063,113,1037,137,1029,165,1035,193
3750,165,0.0650325,0.0433582,-0.228706,-0.458061,-0.534145,1152,86,1125,97,1098,106,1070,114,1043,129,1025,155,1023,183
3751,159,0.0990708,0.0794776,-0.0794776,-0.26384,-0.495175,1160,86,1134,98,1108,107,1081,114,1055,123,1030,140,1016,167
3752,159,0.0963811,0.113407,0.0267826,-0.173349,-0.426707,1170,85,1144,98,1118,108,1091,115,1065,121,1039,132,1016,157
3753,160,0.106973,0.159984,-0.0267826,-0.0447322,-0.380822,1176,85,1150,99,1123,110,1097,116,1070,123,1044,131,1018,152
3754,160,0.16848,0.0561141,0.0447322,-0.00922798,-0.244011,1183,84,1157,99,1130,109,1104,117,1077,124,1051,131,1024,146
3755,156,0.079186,0.0669037,0.0701569,-0.0354115,-0.101649,1188,85,1163,98,1137,109,1111,118,1085,125,1059,133,1033,144
3756,156,0.112253,9.26387e-05,0.0338369,0.0346527,-0.0346527,1195,85,1170,98,1144,108,1118,118,1092,127,1066,135,1040,144
3757,149,0.115824,0.0348581,-0.0131224,0.0131224,-0.0348581,1197,86,1173,99,1148,109,1123,118,1099,127,1074,136,1049,146
3758,148,0.147475,-0.0141921,0.0849955,-0.0849955,0.0141921,1203,85,1179,99,1154,109,1130,119,1105,127,1081,137,1056,147
3759,141,0.204822,-0.0217107,0.0217107,0.0381582,-0.0599616,1204,86,1181,101,1158,110,1134,120,1111,129,1088,137,1064,147
3760,139,0.152221,0.0730252,0.0381582,-0.0752978,0.037047,1207,86,1185,101,1162,112,1139,121,1116,129,1093,139,1070,148
3761,137,0.193761,0.107807,-0.0152383,0.0152383,9.26536e-05,1213,83,1193,99,1170,111,1147,120,1125,129,1102,138,1079,147
3762,134,0.209187,0.110935,-0.0382161,0.0777638,0.0139415,1215,83,1194,101,1172,113,1150,122,1128,132,1106,140,1083,148
3763,131,0.225962,0.106988,-0.0176991,0.0955556,-0.0394551,1220,80,1200,99,1178,112,1156,122,1135,132,1113,140,1091,149
3764,127,0.258018,0.0717015,0.0775289,9.26325e-05,0.0408202,1219,81,1201,100,1180,113,1159,124,1138,133,1117,142,1096,150
3765,129,0.299377,0.12081,0.0548349,0.0394348,0.0560281,1220,78,1204,99,1183,114,1161,126,1140,136,1119,145,1097,153
3766,130,0.283581,0.178415,0.0905672,0.0191357,0.136274,1221,74,1208,95,1188,113,1167,126,1145,137,1124,147,1102,154
3767,125,0.296022,0.222938,0.124262,0.0191357,0.0394348,1221,73,1211,93,1192,113,1171,127,1151,137,1130,147,1109,156
3768,131,0.269757,0.215442,0.236009,0.0560078,0.164749,1220,72,1211,93,1195,113,1174,130,1153,140,1131,149,1109,154
3769,132,0.099576,0.321658,0.321658,0.155502,0.262537,1220,68,1212,89,1201,111,1181,131,1159,142,1137,149,1115,150
3770,141,9.26325e-05,0.332728,0.435912,0.291514,0.379445,1219,60,1213,83,1207,106,1191,130,1168,144,1145,150,1121,147
3771,147,9.26536e-05,0.13062,0.470467,0.480241,0.515006,1219,61,1212,85,1205,109,1194,134,1172,152,1148,157,1123,149
3772,148,-0.0486492,0.156661,0.213646,0.463555,0.582984,1220,60,1212,84,1205,109,1194,133,1176,157,1152,169,1127,166
3773,149,0.0237124,0.0348581,0.115824,0.265631,0.573012,1220,57,1212,81,1203,106,1193,131,1180,155,1159,177,1134,183
3774,159,9.26536e-05,0.0535388,0.0132723,0.243168,0.494795,1219,55,1210,81,1201,107,1190,134,1179,160,1161,184,1135,196
3775,160,-0.0453306,0.0114011,0.0535388,0.0925509,0.477977,1218,55,1208,81,1199,108,1190,134,1179,161,1166,186,1139,205
3776,163,9.26387e-05,9.26387e-05,0.0328624,0.093925,0.336582,1217,53,1208,80,1199,107,1190,134,1180,161,1167,188,1144,211
3777,165,9.26536e-05,0.0228502,0.0106596,0.12688,0.164391,1216,51,1208,78,1200,105,1191,133,1182,160,1169,187,1150,214
3778,169,-0.065927,0.0332283,0.0646316,0.148693,9.26536e-05,1216,49,1207,77,1200,105,1192,133,1182,161,1167,189,1152,217
3779,166,-0.0763133,-0.0595381,0.0922367,0.152557,0.0280689,1216,50,1206,77,1198,105,1192,132,1183,160,1170,186,1155,214
3780,166,-0.139832,-0.0950962,0.127795,0.167261,0.040701,1216,51,1204,78,1196,106,1191,133,1182,161,1168,188,1152,216
3781,165,-0.12688,-0.144949,0.144949,0.0963811,0.127338,1216,53,1203,80,1194,107,1189,135,1180,162,1168,189,1151,217
3782,169,-0.152557,-0.065927,0.0332283,0.156278,0.0843832,1217,53,1203,81,1194,109,1187,137,1179,165,1166,193,1150,221
3783,172,-0.0720333,-0.117473,0.0240962,0.105073,0.102919,1217,52,1204,80,1193,109,1186,137,1178,166,1167,194,1152,223
3784,170,9.26536e-05,-0.031933,-0.032606,0.0959413,-0.0116967,1214,55,1204,83,1194,111,1185,139,1177,167,1166,195,1155,224
3785,172,0.0240962,0.00903951,0.113948,0.0257915,-0.0555874,1212,53,1205,81,1197,110,1189,138,1177,167,1165,194,1154,223
3786,168,0.0311472,0.0347191,0.257869,0.0843832,0.0264163,1208,53,1205,80,1201,108,1196,136,1183,164,1167,192,1150,220
3787,168,0.0726266,0.0355157,0.271624,0.244886,0.0729479,1203,55,1204,82,1203,110,1201,138,1191,166,1173,193,1152,220
3788,169,-0.0355157,0.106914,0.175302,0.267166,0.306953,1201,55,1202,83,1204,111,1203,139,1197,167,1183,194,1159,218
3789,170,-0.142342,0.0353356,0.17795,0.171471,0.423865,1200,53,1199,81,1202,109,1204,137,1201,165,1193,193,1171,219
3790,176,-0.103233,9.26387e-05,0.103233,0.102504,0.424763,1200,51,1199,80,1201,109,1203,138,1202,167,1198,196,1181,223
3791,172,-0.105684,-0.00113736,-0.0330647,0.0687638,0.203925,1201,48,1199,76,1200,105,1201,133,1203,162,1203,190,1197,219
3792,170,-0.106643,-0.0356065,-0.0709439,9.26536e-05,0.1755,1202,48,1199,76,1199,104,1200,132,1203,160,1206,188,1204,217
3793,163,-0.110866,9.26536e-05,9.26536e-05,-0.109966,0.109966,1201,49,1199,76,1200,103,1201,130,1202,157,1206,184,1207,211
3794,165,-0.0739476,-0.0341947,0.0712148,-0.0738464,0.0381473,1200,50,1199,77,1200,104,1202,132,1202,159,1204,186,1205,214
3795,165,-0.0735445,0.0392571,0.108235,-0.0369275,0.0356065,1197,49,1198,76,1201,103,1203,131,1202,158,1202,185,1201,213
3796,161,-0.028588,0.107919,0.187336,0.0702138,-0.0730467,1192,51,1197,77,1203,104,1206,131,1204,157,1200,184,1198,211
3797,168,0.00966313,0.101498,0.247924,0.105309,0.0342918,1188,49,1196,76,1204,104,1209,132,1207,160,1202,188,1196,216
3798,166,0.0115891,0.0548758,0.287963,0.183018,0.19113,1184,49,1194,76,1204,104,1212,131,1212,159,1207,186,1196,214
3799,164,-0.0650325,0.0320774,0.243956,0.221222,0.263584,1182,46,1191,73,1202,100,1212,127,1215,154,1212,181,1201,209
3800,160,-0.0882841,-0.0132723,0.146474,0.215139,0.326405,1180,44,1188,70,1199,97,1210,123,1217,150,1218,176,1210,203
3801,151,9.26536e-05,-0.0348581,0.0348581,0.226034,0.316732,1181,51,1190,76,1199,101,1209,126,1218,151,1221,176,1216,201
3802,144,-0.0262171,-0.0729479,9.26536e-05,0.14972,0.161745,1180,49,1187,72,1195,96,1205,120,1215,144,1221,168,1223,192
3803,131,0.0976343,-0.0824263,-0.0151153,-0.0242471,0.121974,1179,48,1187,69,1193,91,1201,113,1209,134,1218,156,1224,178
3804,147,-0.0387228,-0.0966196,0.0586632,-0.0369275,0.0489751,1176,34,1182,58,1189,82,1199,107,1207,131,1216,155,1224,180
3805,135,0.0801733,-0.101982,0.0612637,9.26325e-05,0.0139415,1174,45,1183,67,1190,89,1200,112,1208,134,1216,156,1224,179
3806,136,0.091798,-0.091798,0.0535471,0.0241241,0.093496,1171,44,1181,66,1189,89,1199,111,1208,134,1216,156,1222,179
3807,137,0.0164075,-0.0358856,0.0576942,0.0534892,0.120584,1168,44,1178,66,1188,89,1199,112,1208,134,1216,157,1221,180
3808,138,0.0164075,-0.104231,0.0682531,0.150572,0.165646,1165,42,1175,64,1185,87,1198,110,1209,133,1216,156,1219,179
3809,144,-0.0174494,-0.124262,0.124262,0.218576,0.161745,1161,43,1172,66,1184,90,1200,114,1212,138,1218,162,1220,186
3810,150,-0.0122524,-0.0959961,0.0959961,0.381672,0.158563,1154,42,1168,66,1183,91,1200,114,1215,139,1219,164,1219,189
3811,150,-0.0161284,-0.0745441,0.129254,0.410565,0.238393,1147,44,1163,67,1181,92,1202,117,1218,142,1222,167,1220,192
3812,150,-0.0204524,-0.0980077,0.0924149,0.396538,0.352746,1142,46,1160,70,1178,93,1199,115,1218,139,1225,164,1223,189
3813,147,9.26536e-05,-0.148797,0.0221259,0.235012,0.488003,1136,43,1153,66,1170,89,1191,110,1213,133,1227,157,1228,182
3814,135,-0.00845415,-0.103926,-0.0768758,0.0242928,0.375178,1133,43,1148,64,1164,86,1182,106,1203,126,1223,146,1233,169
3815,132,-0.0103236,-0.139304,-0.0474904,-0.0498657,0.215014,1130,41,1144,62,1159,84,1179,106,1199,126,1220,145,1235,166
3816,133,9.26325e-05,-0.105983,-0.0575598,-0.0999309,0.129262,1127,40,1142,62,1157,84,1174,104,1195,126,1216,144,1234,164
3817,135,0.0302847,-0.113846,9.26536e-05,-0.120531,0.0474904,1121,36,1137,58,1152,80,1171,102,1190,124,1212,144,1232,164
3818,143,0.0693399,-0.099354,0.0111569,-0.104063,0.0666099,1115,34,1133,56,1150,80,1170,103,1187,123,1209,144,1231,168
3819,145,0.0922367,-0.145757,0.0432239,-0.0188924,0.0253648,1111,34,1129,55,1146,79,1167,101,1188,125,1208,147,1227,169
3820,149,0.0657082,-0.115667,0.0433582,0.0471163,0.0706226,1105,33,1124,54,1143,78,1165,100,1187,124,1207,148,1225,173
3821,146,0.022079,-0.0907539,0.0675492,0.093448,0.129127,1101,35,1122,57,1143,80,1166,101,1188,124,1207,148,1222,173
3822,155,-0.023159,-0.0695619,0.00299376,0.177133,0.211001,1096,35,1117,57,1139,79,1162,99,1186,120,1206,145,1219,171
3823,155,-0.023159,-0.135435,0.0447752,0.0905672,0.418132,1089,32,1110,54,1134,78,1159,97,1183,117,1206,140,1216,166
3824,159,0.114985,-0.19318,-0.00637676,0.0674878,0.423321,1080,30,1103,50,1124,73,1151,93,1177,112,1202,133,1215,160
3825,166,-0.0221259,-0.154226,-0.0596493,0.107984,0.486398,1079,30,1101,53,1126,78,1152,97,1180,115,1206,136,1218,164
3826,163,-0.0211807,-0.154226,-0.0793318,0.053797,0.315289,1075,30,1098,54,1122,78,1148,97,1174,113,1200,131,1219,156
3827,159,0.0211807,-0.124262,-0.0818762,-0.0557033,0.262027,1069,29,1093,52,1117,76,1144,97,1170,114,1196,129,1219,152
3828,165,0.128647,-0.104306,0.0234017,-0.0477432,0.0477432,1059,30,1086,49,1110,71,1137,91,1164,112,1191,131,1218,152
3829,167,0.188733,-0.0661187,0.107984,0.0260617,0.098603,1050,34,1077,47,1104,67,1132,85,1158,106,1185,129,1211,156
3830,175,0.111733,-0.0267279,0.149305,0.178168,0.235484,1045,39,1074,51,1103,67,1132,82,1161,103,1186,129,1203,158
3831,187,0.0547681,-0.0270223,0.104432,0.301881,0.386619,1037,42,1068,54,1099,68,1130,81,1161,98,1188,126,1200,156
3832,168,-0.139832,0.032606,0.0632427,0.196911,0.437445,1035,46,1062,58,1090,66,1118,75,1146,86,1174,104,1191,131
3833,139,-0.323296,-0.156509,-0.168618,-0.0213021,-0.170368,1160,56,1137,58,1114,68,1092,82,1071,101,1053,118,1038,138
3834,167,0.120917,0.123579,0.289487,0.258451,0.15324,1115,41,1110,67,1101,95,1088,123,1065,149,1038,167,1010,180
3835,200,-0.0883066,0.201034,0.463555,0.436535,0.174006,1108,45,1101,78,1097,111,1086,144,1056,174,1023,186,989,192
3836,205,0.175772,0.580701,0.5599,0.312809,0.202953,1097,85,1099,119,1095,153,1069,184,1035,195,1001,195,967,188
3837,208,0.566637,0.691073,0.341372,0.202434,0.149323,1105,127,1105,161,1084,194,1050,205,1015,204,981,196,946,182
3838,186,0.0416608,-0.138527,-0.120765,-0.443646,-0.65218,934,176,964,189,995,204,1026,214,1057,220,1088,212,1110,184
3839,178,0.0262171,-0.0401051,-0.0130398,-0.367678,-0.420209,927,172,955,186,985,202,1014,216,1044,230,1073,232,1103,221
3840,180,0.114717,-0.0489277,0.0489277,-0.242726,-0.388226,919,168,948,182,978,201,1008,218,1038,237,1068,247,1098,245
3841,197,0.151533,0.045952,-0.0310479,-0.241828,-0.64143,914,166,945,181,977,203,1010,228,1041,250,1074,263,1107,254
3842,189,0.0441326,0.0740529,0.0569485,-0.198432,-0.612179,912,159,943,179,974,201,1003,225,1031,251,1062,270,1094,268
3843,201,0.0214383,0.135435,0.0141695,-0.229581,-0.522311,904,154,936,175,968,197,1001,227,1032,256,1065,275,1099,275
3844,194,0.00678482,0.0762825,0.0377865,-0.114162,-0.335943,899,151,930,172,962,194,993,219,1024,246,1056,268,1089,277
3845,187,0.0573245,0.0223511,0.118588,0.0542673,-0.203789,891,149,921,166,952,186,983,207,1013,233,1043,262,1073,281
3846,199,9.26536e-05,0.13888,0.163378,0.00105743,-0.207438,888,147,921,165,954,183,985,206,1015,237,1043,266,1074,287
3847,199,0.0956833,0.0861932,0.143295,0.0654752,-0.174051,882,145,915,160,948,179,981,202,1012,231,1042,263,1074,287
3848,194,0.0758309,0.0923297,0.120005,0.0844511,-0.0664755,879,143,911,157,943,174,975,195,1007,222,1038,253,1070,281
3849,190,0.0640469,0.0376398,0.137044,0.139645,-0.0338414,879,141,910,155,942,172,973,190,1005,215,1033,244,1064,274
3850,188,9.26536e-05,-0.0243697,0.115495,0.0941751,0.0563043,879,136,910,154,941,172,972,189,1003,211,1032,236,1061,264
3851,186,-0.192122,-0.172354,-0.0692508,0.0236941,0.045464,888,118,909,148,938,176,969,197,1000,215,1031,234,1062,255
3852,184,-0.264435,-0.333735,-0.251794,-0.0723609,-0.0912619,907,107,911,137,924,168,950,197,980,217,1010,234,1041,248
3853,187,-0.433668,-0.359675,-0.284339,-0.244886,-0.334544,927,97,915,128,917,159,931,190,955,218,986,240,1017,249
3854,185,-0.393433,-0.408423,-0.340061,-0.311658,-0.398131,947,93,924,120,914,151,917,182,931,212,957,240,988,254
3855,180,-0.299364,-0.319308,-0.393061,-0.247862,-0.481571,965,89,936,113,917,142,909,172,913,202,925,232,953,256
3856,186,-0.197303,-0.283701,-0.341598,-0.351005,-0.404922,982,85,952,105,924,133,907,164,902,195,908,226,927,254
3857,185,-0.106643,-0.184628,-0.310738,-0.380414,-0.369241,991,83,961,103,931,128,907,157,895,187,895,218,907,249
3858,179,-0.0771624,-0.0786176,-0.255495,-0.343054,-0.393061,1001,81,972,99,942,121,913,146,893,175,885,205,889,235
3859,178,-0.008983,-0.0620809,-0.158563,-0.335546,-0.383099,1010,79,981,97,951,116,922,137,894,165,880,194,878,224
3860,179,-0.008983,0.0240572,-0.108483,-0.288959,-0.403424,1018,77,989,95,959,114,929,132,900,154,878,184,871,214
3861,176,0.0251853,9.26536e-05,-0.0153466,-0.141924,-0.419385,1026,75,997,93,968,110,939,127,911,144,883,167,868,197
3862,177,0.0251853,-0.0101111,0.0629815,-0.0780557,-0.366214,1034,72,1005,90,976,107,946,125,917,140,888,158,866,187
3863,180,0.0149816,9.26536e-05,0.1037,-0.0532375,-0.236592,1043,68,1014,86,984,104,954,122,924,136,894,152,867,176
3864,180,-0.0576942,0.0723609,0.0788292,9.26536e-05,-0.12785,1050,65,1021,82,991,102,961,119,931,133,901,147,871,166
3865,187,-0.0964061,0.0230203,0.0990992,0.081235,-0.107041,1062,62,1031,78,1000,98,969,117,938,132,907,144,876,160
3866,185,-0.10536,0.045464,0.113133,0.0394551,9.26536e-05,1067,59,1037,75,1006,96,975,115,945,129,914,142,883,155
3867,181,-0.0474904,0.0233406,0.12785,0.0560281,0.0289689,1068,58,1038,76,1008,96,978,115,948,129,918,141,888,152
3868,186,-0.109226,0.0230203,0.0732931,0.0521804,0.0831228,1081,54,1051,69,1020,89,989,108,958,124,927,138,896,149
3869,188,-0.128894,-0.0468071,0.0468071,0.101779,0.0930057,1090,53,1059,66,1028,84,997,104,966,122,935,136,903,147
3870,180,-0.0905672,-0.0240572,0.0240572,0.1037,0.0850897,1091,51,1062,65,1032,83,1002,102,972,120,942,134,912,145
3871,179,-0.0656967,-0.0247778,-0.0149816,0.118774,0.0850897,1095,51,1066,65,1036,82,1006,100,977,118,947,132,917,143
3872,180,-0.0975245,-0.0503695,-0.0240572,0.0745194,0.13842,1104,49,1075,61,1045,77,1015,95,985,114,955,130,925,141
3873,185,-0.0827175,-0.138527,-0.203329,0.0367987,0.166437,1115,53,1085,60,1054,70,1023,85,993,108,962,130,931,145
3874,180,-0.0584041,-0.092426,-0.242726,-0.143964,-0.0027402,1117,57,1088,62,1058,69,1028,79,998,98,970,122,941,147
3875,186,0.0051429,-0.0311787,-0.120765,-0.260831,-0.268883,1131,59,1101,64,1070,69,1039,75,1008,85,977,105,952,133
3876,184,0.0051429,0.0272689,-0.0585403,-0.189229,-0.385194,1136,60,1106,65,1075,70,1045,74,1014,80,984,92,958,117
3877,181,0.0325045,0.0327902,9.26536e-05,-0.129471,-0.311095,1145,61,1115,66,1085,70,1055,73,1025,76,995,83,965,101
3878,183,9.26536e-05,0.100212,-0.0342286,-0.0984879,-0.258953,1153,63,1123,67,1093,71,1062,72,1032,74,1002,79,971,93
3879,174,0.107919,0.0341325,0.0342947,-0.0342947,-0.231971,1154,62,1126,68,1097,71,1068,73,1039,74,1010,76,981,85
3880,177,0.0668592,0.103653,0.0332283,-0.0687638,-0.160283,1164,62,1135,68,1106,72,1076,73,1047,73,1018,75,988,82
3881,174,0.0069827,0.135069,0.103233,-0.0343764,-0.170643,1168,62,1140,68,1111,74,1082,76,1053,75,1024,75,995,80
3882,169,0.0671137,0.211001,0.0356065,-0.0356065,-0.106643,1170,62,1142,70,1114,76,1086,76,1058,75,1030,75,1002,78
3883,165,0.0342887,0.182274,0.108235,0.0368263,-0.109545,1177,62,1150,70,1123,77,1095,79,1068,78,1041,76,1013,77
3884,163,0.0342887,0.142924,0.110565,0.0738464,-0.0368263,1183,62,1156,70,1129,77,1102,80,1075,80,1048,78,1021,77
3885,159,0.106353,0.0796278,0.185428,9.26536e-05,0.0354038,1183,63,1157,72,1131,78,1104,82,1078,81,1052,80,1025,78
3886,161,0.0447322,0.106503,0.146986,0.0369275,0.0368263,1189,63,1163,71,1136,78,1109,82,1083,82,1056,81,1029,79
3887,154,0.0824682,0.0655065,0.197303,0.039886,0.0367006,1189,62,1164,71,1138,78,1113,83,1087,83,1062,82,1036,80
3888,151,0.03576,0.150955,0.118584,0.039886,0.119336,1191,61,1166,70,1141,78,1116,82,1091,83,1066,83,1041,80
3889,152,0.107405,0.0755205,0.077874,0.159315,0.0367006,1198,59,1173,69,1148,76,1123,81,1098,84,1073,83,1047,81
3890,145,0.113699,9.26536e-05,0.120531,0.0826198,0.165905,1197,60,1173,69,1149,75,1125,81,1101,84,1077,85,1053,82
3891,144,0.089101,0.0783061,9.26536e-05,0.16366,0.165905,1201,60,1178,69,1154,76,1130,81,1106,86,1082,87,1058,84
3892,143,0.0508501,0.0387228,0.0726952,0.0889569,0.124691,1206,61,1183,69,1159,76,1135,82,1112,86,1088,88,1064,87
3893,143,0.0101111,0.0394906,-0.0496943,0.130735,0.207404,1207,64,1184,70,1160,76,1136,81,1113,87,1089,90,1065,88
3894,148,-0.0321542,0.0321542,-0.107767,0.107767,0.205035,1212,67,1188,71,1163,76,1139,80,1114,87,1090,91,1065,90
3895,148,-0.0342076,-0.00640076,-0.0703036,0.0300569,0.205303,1212,69,1188,72,1163,76,1139,80,1114,86,1090,91,1065,91
3896,143,0.00525489,9.26536e-05,-0.089613,0.00857264,0.122162,1210,70,1187,73,1163,76,1139,79,1116,84,1092,89,1068,91
3897,142,0.00525489,-0.00525489,-0.0353535,-0.00694948,0.0889569,1209,70,1186,73,1162,76,1139,79,1115,83,1092,87,1068,89
3898,145,0.0411211,9.26387e-05,-0.0411211,9.26536e-05,-0.040701,1212,70,1188,73,1164,75,1140,77,1116,80,1092,83,1068,87
3899,143,0.0464687,0.0830486,-0.0866457,0.00350445,-0.0819148,1210,70,1187,73,1163,75,1139,75,1116,77,1092,79,1068,83
3900,145,0.0411211,0.0830486,9.26536e-05,9.26536e-05,-0.124262,1209,70,1185,73,1161,75,1137,75,1113,75,1089,75,1065,78
3901,141,0.0423956,0.12961,0.0433582,0.0431948,-0.0866457,1210,69,1187,73,1164,76,1140,76,1117,75,1094,73,1070,73
3902,148,-0.0342076,0.11692,0.0815286,0.0430699,-0.0830486,1211,69,1187,72,1162,76,1138,77,1113,76,1089,74,1064,74
3903,141,-0.258836,-0.0783177,0.0353535,0.12961,0.0415499,1212,74,1189,70,1166,72,1142,76,1119,79,1096,79,1072,78
3904,150,-0.34984,-0.199166,-0.116023,0.0380568,0.117473,1215,82,1191,71,1166,69,1141,72,1116,78,1091,83,1066,85
3905,158,-0.0338369,0.214432,0.0757848,0.339674,0.392608,1062,90,1088,81,1114,71,1140,67,1166,65,1192,72,1218,92
3906,158,0.189941,0.218275,0.191556,0.323376,0.26071,1062,89,1088,74,1114,65,1140,62,1166,64,1192,75,1219,96
3907,156,0.320407,0.189896,0.226706,0.296387,0.198284,1066,79,1091,65,1117,60,1143,60,1169,66,1195,81,1220,103
3908,159,0.310906,0.263214,0.256424,0.211808,0.166253,1065,73,1091,60,1117,56,1144,59,1170,69,1196,86,1222,110
3909,165,0.381112,0.213636,0.241423,0.242726,0.102989,1063,67,1090,55,1117,54,1145,59,1172,71,1199,92,1223,115
3910,161,0.298406,0.253581,0.240175,0.143515,0.128151,1064,60,1090,52,1117,52,1144,59,1170,73,1197,93,1223,118
3911,165,0.293675,0.232274,0.208538,0.127666,0.127165,1067,54,1094,49,1121,52,1149,62,1175,78,1201,99,1224,123
3912,156,0.229874,0.177093,0.184388,0.127666,0.105892,1069,48,1094,47,1120,52,1146,62,1172,78,1198,99,1222,123
3913,157,0.298406,0.101649,0.178741,0.100247,0.105892,1069,45,1095,45,1121,53,1147,64,1173,81,1199,102,1223,126
3914,152,0.221758,0.0989203,0.117565,0.101391,0.0866457,1076,42,1101,46,1126,56,1151,69,1176,86,1201,107,1223,129
3915,144,0.139516,0.133191,0.0881298,0.0783487,0.0905672,1080,41,1103,47,1127,57,1151,71,1175,88,1199,108,1222,131
3916,150,0.125677,0.0319067,0.144411,0.11964,0.089133,1079,40,1103,48,1128,60,1153,73,1178,91,1203,114,1223,136
3917,160,0.0611639,0.1755,0.215674,0.211876,0.1174,1078,45,1104,51,1131,59,1157,72,1183,93,1204,119,1221,146
3918,168,0.207866,0.300584,0.341339,0.191807,0.0868247,1086,50,1113,51,1141,58,1169,75,1191,102,1206,130,1218,158
3919,176,0.269075,0.414449,0.382828,0.0543137,0.0130398,1090,48,1119,48,1148,56,1175,78,1191,107,1205,136,1219,166
3920,171,0.384981,0.435393,0.179761,0.0288847,-0.0149967,1101,42,1129,45,1157,60,1178,88,1192,116,1205,144,1219,173
3921,166,0.436102,0.339355,0.0723356,-0.0139605,-0.0148316,1112,38,1139,46,1165,69,1180,96,1193,124,1206,151,1220,179
3922,166,0.460937,0.182598,0.0146122,0.0148316,-0.0148316,1119,37,1146,50,1167,77,1181,104,1195,132,1208,159,1222,187
3923,163,0.429708,0.0547304,0.0582825,-0.0295364,9.26387e-05,1124,38,1150,55,1167,82,1182,109,1195,136,1209,163,1223,190
3924,158,0.283301,0.0595381,9.26387e-05,-0.0595381,0.0744623,1132,42,1156,65,1171,91,1184,117,1197,143,1212,169,1225,196
3925,164,0.26531,9.26387e-05,9.26387e-05,-0.0286534,0.0723356,1134,44,1157,69,1171,96,1185,123,1199,150,1214,177,1227,205
3926,161,0.16755,9.26387e-05,0.0130645,-0.0130645,0.0582825,1137,50,1157,75,1172,102,1187,129,1201,155,1216,182,1229,209
3927,166,0.11831,0.011955,0.0151967,0.0133641,0.103926,1139,54,1159,81,1175,109,1190,136,1205,164,1219,191,1230,219
3928,168,0.115295,0.0264163,0.0272443,0.0570463,0.0296858,1137,56,1158,83,1175,111,1191,139,1206,167,1219,195,1231,223
3929,170,0.072071,0.0255898,0.0537532,0.0570463,0.0422374,1135,57,1156,85,1174,113,1191,141,1206,169,1219,197,1231,226
3930,175,0.0633672,0.115991,0.0267279,0.0274931,0.0871227,1133,59,1155,86,1175,114,1191,143,1206,172,1220,201,1231,230
3931,172,0.173989,0.0794357,0.0419569,-0.0137953,0.101011,1134,63,1158,89,1176,117,1191,145,1205,174,1219,202,1230,231
3932,173,0.185697,0.130151,0.0149967,-0.0425825,0.0558335,1131,61,1156,87,1175,116,1189,145,1202,173,1217,202,1230,231
3933,174,0.165324,0.158491,-0.0282478,-0.0274931,0.0558335,1132,62,1156,88,1175,117,1188,146,1202,175,1217,204,1230,233
3934,172,0.164471,0.114162,-0.0723609,0.0136051,0.0137953,1137,65,1159,92,1175,120,1187,148,1202,177,1216,205,1230,234
3935,172,0.139242,0.0991815,-0.0723609,-0.0143711,0.0702973,1138,65,1159,93,1175,122,1187,150,1202,179,1217,207,1230,236
3936,174,0.166063,0.0558335,-0.0282478,-0.0543137,0.0267279,1137,64,1158,92,1173,121,1186,150,1200,179,1216,208,1231,237
3937,176,0.153897,0.0573268,-0.111733,0.0267279,0.0406256,1140,67,1160,96,1174,125,1186,154,1202,183,1217,212,1231,242
3938,176,0.158491,9.26387e-05,-0.0558335,-0.0267279,0.0404257,1140,67,1159,96,1172,125,1185,154,1200,183,1216,212,1231,242
3939,170,0.196911,0.0632427,-0.0938009,-0.129971,-0.113948,1142,68,1160,96,1171,124,1180,152,1192,180,1208,207,1230,236
3940,164,0.203672,0.0723609,-0.177306,-0.263507,-0.363353,1151,67,1162,94,1167,121,1170,148,1178,175,1194,201,1220,221
3941,165,0.147585,-0.00122835,-0.323662,-0.410512,-0.765308,1156,72,1159,99,1158,126,1157,154,1165,181,1186,206,1214,209
3942,175,-0.136173,-0.137458,-0.580535,-0.716259,-0.91259,1150,91,1145,120,1144,149,1147,178,1169,205,1198,210,1222,188
3943,181,-0.26246,-0.375494,-0.725169,-0.886294,-0.769499,1137,110,1130,140,1131,170,1144,200,1174,214,1203,200,1214,170
3944,185,-0.449857,-0.491109,-0.826948,-0.909661,-0.532627,1123,131,1117,161,1125,192,1148,217,1178,217,1199,190,1203,159
3945,196,0.20893,0.616261,1.01158,0.739882,0.564477,1194,137,1194,169,1187,202,1161,226,1128,217,1109,187,1109,154
3946,188,0.128231,0.348052,0.903052,0.762429,0.658387,1187,133,1187,164,1183,195,1167,226,1136,232,1108,214,1097,183
3947,204,0.0889569,0.199922,0.600474,0.942457,0.728887,1182,115,1183,148,1181,182,1172,216,1143,241,1109,233,1088,203
3948,190,0.0300793,0.128673,0.358576,0.829666,0.692696,1179,117,1178,148,1176,180,1170,211,1151,242,1120,248,1089,231
3949,200,0.0301456,0.059999,0.280512,0.657085,0.877498,1175,108,1174,141,1172,174,1168,207,1154,240,1122,258,1088,245
3950,211,9.26325e-05,0.056849,0.192702,0.613742,0.764075,1171,97,1170,132,1169,167,1166,202,1156,237,1125,262,1090,259
3951,195,9.26536e-05,0.0291995,0.124723,0.441302,0.677709,1168,101,1167,133,1166,165,1164,198,1158,230,1137,259,1104,268
3952,199,-0.0302011,0.0604394,0.0897468,0.326003,0.630589,1165,94,1164,127,1164,160,1162,193,1157,226,1141,257,1109,273
3953,195,0.0311472,-0.0311472,0.124262,0.206648,0.544869,1162,91,1162,123,1161,155,1161,188,1157,220,1146,252,1116,277
3954,198,0.0302011,-0.0302011,0.0905672,0.1755,0.447746,1160,84,1160,116,1159,149,1159,182,1156,215,1147,248,1121,278
3955,199,0.0302011,-0.0302011,0.0604394,0.148398,0.393172,1158,80,1158,113,1157,146,1157,179,1155,212,1148,245,1126,277
3956,197,-0.00085342,9.26536e-05,0.0320324,0.08786,0.325231,1157,79,1156,111,1155,144,1154,177,1152,209,1147,242,1130,275
3957,200,9.26536e-05,9.26536e-05,0.0301456,0.0897468,0.214737,1156,73,1155,106,1154,139,1153,172,1151,205,1146,238,1133,272
3958,200,-0.0301456,9.26536e-05,0.0301456,0.0897468,0.108307,1155,70,1153,103,1152,136,1151,169,1149,202,1144,235,1135,269
3959,195,0.0310863,-0.00179414,0.00179414,0.0618435,0.0554059,1154,70,1153,102,1151,134,1149,167,1147,199,1143,231,1137,264
3960,192,-0.0330944,9.26536e-05,0.0930225,0.0609003,-0.0609003,1153,64,1151,95,1150,127,1149,159,1145,191,1139,223,1135,255
3961,183,9.26536e-05,0.0321542,0.100212,0.189106,-0.0391029,1151,62,1151,92,1151,122,1150,153,1146,183,1136,213,1127,244
3962,183,-0.099576,0.099576,0.099576,0.280745,0.0435954,1148,59,1148,89,1151,119,1151,150,1148,180,1136,210,1122,241
3963,180,-0.0664755,-0.0330078,0.166144,0.224796,0.198408,1147,56,1147,85,1149,115,1152,145,1150,175,1141,205,1125,235
3964,180,-0.168432,-0.0327902,0.132459,0.132459,0.276264,1146,51,1144,80,1147,110,1151,140,1151,170,1147,200,1134,230
3965,179,-0.170295,-0.066255,-0.0033203,0.102989,0.197303,1147,48,1143,77,1144,107,1147,137,1150,166,1150,196,1144,226
3966,179,-0.269075,-0.099576,-0.0373049,0.00442199,0.26501,1149,46,1141,75,1141,105,1144,135,1148,164,1152,194,1148,224
3967,178,-0.317115,-0.23554,-0.0619744,-0.00549388,0.203964,1154,44,1140,73,1136,103,1139,132,1144,162,1149,191,1148,221
3968,174,-0.364956,-0.335297,-0.102504,-0.0996899,0.0327381,1162,41,1140,69,1131,98,1132,127,1136,156,1143,185,1149,214
3969,165,-0.306953,-0.267166,-0.248021,-0.216561,-0.0572315,1168,42,1143,67,1129,94,1123,122,1124,149,1131,176,1140,204
3970,158,-0.248021,-0.160283,-0.273567,-0.266668,-0.17681,1176,41,1151,62,1133,87,1120,113,1115,139,1117,165,1124,192
3971,154,-0.169787,-0.191676,-0.143222,-0.287251,-0.269726,1179,43,1154,64,1132,90,1118,115,1108,141,1106,166,1111,192
3972,150,-0.142602,-0.0687638,-0.102989,-0.194771,-0.345463,1182,43,1159,63,1140,85,1122,109,1107,134,1098,159,1098,184
3973,139,-0.140282,0.0252045,-0.0516048,-0.149502,-0.384656,1186,43,1163,64,1144,87,1124,110,1106,133,1093,156,1090,179
3974,136,-0.0522938,0.0522938,-0.0254803,-0.0496176,-0.3509,1188,43,1168,64,1150,85,1130,106,1111,127,1093,149,1085,172
3975,135,-0.0242303,9.26387e-05,0.0242303,-0.021855,-0.256835,1191,44,1172,64,1153,85,1134,106,1115,126,1095,148,1083,171
3976,127,-0.104784,0.0522012,0.026855,-0.0242303,-0.147345,1192,46,1172,66,1155,87,1137,107,1118,127,1099,148,1085,169
3977,124,-0.0213021,-0.030853,-0.0238802,0.0777638,-0.107208,1193,47,1176,65,1157,86,1140,106,1123,127,1105,146,1089,167
3978,134,-0.0049073,-0.0469929,0.0440775,-0.0253129,-0.0403552,1198,44,1178,66,1160,86,1142,108,1125,127,1108,147,1090,170
3979,128,9.26536e-05,-0.0240962,-0.0574569,0.0533247,9.26536e-05,1198,46,1180,66,1162,86,1144,107,1128,128,1111,148,1094,168
3980,122,0.0299141,9.26536e-05,-0.0550661,9.26536e-05,0.0337927,1197,49,1181,68,1164,87,1147,106,1131,126,1115,146,1097,167
3981,128,0.00450854,-0.00450854,0.00450854,-0.0296605,0.037524,1199,48,1183,67,1166,87,1150,106,1133,126,1117,146,1098,168
3982,127,0.00568763,0.0777638,-0.107208,0.0816457,-0.0282284,1201,47,1185,67,1168,88,1150,107,1134,128,1116,148,1099,168
3983,127,9.26536e-05,0.0296605,-0.0296605,0.0606062,-0.0267208,1201,48,1185,68,1169,88,1152,108,1136,128,1117,149,1099,170
3984,128,-0.0293518,0.0816457,-0.0579815,0.0550661,-0.0211807,1203,47,1186,68,1170,89,1152,109,1136,129,1119,148,1101,169
3985,126,0.0311472,0.0296605,-0.0238802,0.0522012,-0.00282279,1204,47,1189,67,1173,87,1156,107,1139,128,1121,148,1104,167
3986,130,0.0235716,0.00568763,0.00511563,0.0739406,-0.0597772,1205,47,1189,68,1173,88,1156,109,1138,131,1119,151,1103,170
3987,122,0.0839197,-0.0199047,0.0579815,-0.00282279,0.00282279,1204,50,1190,70,1175,88,1159,108,1141,128,1124,147,1106,167
3988,127,9.26536e-05,0.0629815,0.159864,0.0791489,-0.0777638,1208,45,1194,66,1180,87,1164,108,1144,127,1123,144,1104,162
3989,135,-0.0342688,0.0989795,0.242385,0.23046,0.0891267,1205,47,1192,69,1180,91,1165,113,1146,130,1124,142,1101,152
3990,141,-0.226288,0.0862028,0.288883,0.3392,0.240618,1207,46,1190,69,1180,92,1167,116,1147,136,1124,147,1100,152
3991,138,-0.364835,-0.0358856,0.136569,0.338185,0.430454,1211,46,1191,65,1180,88,1170,111,1156,134,1134,152,1111,158
3992,137,-0.372552,-0.204822,0.0535471,0.259009,0.511986,1212,50,1191,65,1176,88,1167,111,1157,133,1139,155,1116,164
3993,135,-0.352898,-0.240857,-0.0612637,0.184845,0.438577,1212,51,1190,65,1174,86,1164,109,1156,131,1143,153,1121,168
3994,134,-0.30418,-0.306095,-0.0777638,0.114784,0.2717,1212,50,1190,63,1172,83,1162,105,1154,127,1143,149,1124,170
3995,135,-0.321658,-0.304418,-0.0924759,9.26387e-05,0.210008,1212,50,1190,61,1171,80,1159,103,1150,125,1141,147,1126,169
3996,135,-0.2717,-0.288475,-0.197925,0.114784,0.0830486,1213,49,1191,60,1170,79,1156,102,1148,124,1137,146,1123,169
3997,135,-0.269075,-0.230087,-0.219391,0.0752362,0.0830486,1211,50,1189,61,1169,79,1153,102,1144,124,1133,146,1119,169
3998,136,-0.221989,-0.296972,-0.177783,0.0891267,0.0473495,1211,50,1189,61,1167,79,1153,100,1143,123,1131,145,1117,168
3999,134,-0.181082,-0.232294,-0.194148,-0.0369275,0.0541671,1210,50,1188,62,1167,79,1150,101,1139,123,1129,145,1117,168
4000,134,-0.158449,-0.269314,-0.144062,-0.0356065,0.017147,1210,50,1188,62,1166,79,1151,99,1139,121,1128,143,1116,166
